2022/12/02-13:56:16.322690 7fd20359bac0 RocksDB version: 6.17.0
2022/12/02-13:56:16.322725 7fd20359bac0 Git sha 0
2022/12/02-13:56:16.322751 7fd20359bac0 DB SUMMARY
2022/12/02-13:56:16.322752 7fd20359bac0 DB Session ID:  J6ZRTZ9HE2RIZUJTVQB9
2022/12/02-13:56:16.322780 7fd20359bac0 CURRENT file:  CURRENT
2022/12/02-13:56:16.322781 7fd20359bac0 IDENTITY file:  IDENTITY
2022/12/02-13:56:16.322784 7fd20359bac0 MANIFEST file:  MANIFEST-000417 size: 1112 Bytes
2022/12/02-13:56:16.322785 7fd20359bac0 SST files in /home/patrick/InternetComputer/Hyperspace1/v0/PersonalNFTGallery/.dfx/state/replicated_state/node-100/ic_consensus_pool/certification dir, Total Num: 2, files: 000421.sst 000422.sst 
2022/12/02-13:56:16.322786 7fd20359bac0 Write Ahead Log file in /home/patrick/InternetComputer/Hyperspace1/v0/PersonalNFTGallery/.dfx/state/replicated_state/node-100/ic_consensus_pool/certification: 000418.log size: 797214 ; 
2022/12/02-13:56:16.322787 7fd20359bac0                         Options.error_if_exists: 0
2022/12/02-13:56:16.322788 7fd20359bac0                       Options.create_if_missing: 1
2022/12/02-13:56:16.322789 7fd20359bac0                         Options.paranoid_checks: 1
2022/12/02-13:56:16.322790 7fd20359bac0                               Options.track_and_verify_wals_in_manifest: 0
2022/12/02-13:56:16.322790 7fd20359bac0                                     Options.env: 0x55e552ee8940
2022/12/02-13:56:16.322791 7fd20359bac0                                      Options.fs: Posix File System
2022/12/02-13:56:16.322792 7fd20359bac0                                Options.info_log: 0x55e596076630
2022/12/02-13:56:16.322793 7fd20359bac0                Options.max_file_opening_threads: 16
2022/12/02-13:56:16.322793 7fd20359bac0                              Options.statistics: (nil)
2022/12/02-13:56:16.322794 7fd20359bac0                               Options.use_fsync: 1
2022/12/02-13:56:16.322795 7fd20359bac0                       Options.max_log_file_size: 0
2022/12/02-13:56:16.322796 7fd20359bac0                  Options.max_manifest_file_size: 1073741824
2022/12/02-13:56:16.322797 7fd20359bac0                   Options.log_file_time_to_roll: 0
2022/12/02-13:56:16.322797 7fd20359bac0                       Options.keep_log_file_num: 1000
2022/12/02-13:56:16.322798 7fd20359bac0                    Options.recycle_log_file_num: 0
2022/12/02-13:56:16.322799 7fd20359bac0                         Options.allow_fallocate: 1
2022/12/02-13:56:16.322799 7fd20359bac0                        Options.allow_mmap_reads: 0
2022/12/02-13:56:16.322800 7fd20359bac0                       Options.allow_mmap_writes: 0
2022/12/02-13:56:16.322801 7fd20359bac0                        Options.use_direct_reads: 0
2022/12/02-13:56:16.322801 7fd20359bac0                        Options.use_direct_io_for_flush_and_compaction: 0
2022/12/02-13:56:16.322802 7fd20359bac0          Options.create_missing_column_families: 1
2022/12/02-13:56:16.322803 7fd20359bac0                              Options.db_log_dir: 
2022/12/02-13:56:16.322803 7fd20359bac0                                 Options.wal_dir: /home/patrick/InternetComputer/Hyperspace1/v0/PersonalNFTGallery/.dfx/state/replicated_state/node-100/ic_consensus_pool/certification
2022/12/02-13:56:16.322804 7fd20359bac0                Options.table_cache_numshardbits: 6
2022/12/02-13:56:16.322805 7fd20359bac0                         Options.WAL_ttl_seconds: 0
2022/12/02-13:56:16.322805 7fd20359bac0                       Options.WAL_size_limit_MB: 0
2022/12/02-13:56:16.322806 7fd20359bac0                        Options.max_write_batch_group_size_bytes: 1048576
2022/12/02-13:56:16.322807 7fd20359bac0             Options.manifest_preallocation_size: 4194304
2022/12/02-13:56:16.322808 7fd20359bac0                     Options.is_fd_close_on_exec: 1
2022/12/02-13:56:16.322808 7fd20359bac0                   Options.advise_random_on_open: 1
2022/12/02-13:56:16.322809 7fd20359bac0                    Options.db_write_buffer_size: 0
2022/12/02-13:56:16.322809 7fd20359bac0                    Options.write_buffer_manager: 0x55e596170e90
2022/12/02-13:56:16.322810 7fd20359bac0         Options.access_hint_on_compaction_start: 1
2022/12/02-13:56:16.322817 7fd20359bac0  Options.new_table_reader_for_compaction_inputs: 0
2022/12/02-13:56:16.322817 7fd20359bac0           Options.random_access_max_buffer_size: 1048576
2022/12/02-13:56:16.322818 7fd20359bac0                      Options.use_adaptive_mutex: 0
2022/12/02-13:56:16.322819 7fd20359bac0                            Options.rate_limiter: (nil)
2022/12/02-13:56:16.322820 7fd20359bac0     Options.sst_file_manager.rate_bytes_per_sec: 0
2022/12/02-13:56:16.322820 7fd20359bac0                       Options.wal_recovery_mode: 2
2022/12/02-13:56:16.322821 7fd20359bac0                  Options.enable_thread_tracking: 0
2022/12/02-13:56:16.322821 7fd20359bac0                  Options.enable_pipelined_write: 0
2022/12/02-13:56:16.322822 7fd20359bac0                  Options.unordered_write: 0
2022/12/02-13:56:16.322823 7fd20359bac0         Options.allow_concurrent_memtable_write: 1
2022/12/02-13:56:16.322823 7fd20359bac0      Options.enable_write_thread_adaptive_yield: 1
2022/12/02-13:56:16.322824 7fd20359bac0             Options.write_thread_max_yield_usec: 100
2022/12/02-13:56:16.322825 7fd20359bac0            Options.write_thread_slow_yield_usec: 3
2022/12/02-13:56:16.322825 7fd20359bac0                               Options.row_cache: None
2022/12/02-13:56:16.322826 7fd20359bac0                              Options.wal_filter: None
2022/12/02-13:56:16.322827 7fd20359bac0             Options.avoid_flush_during_recovery: 0
2022/12/02-13:56:16.322827 7fd20359bac0             Options.allow_ingest_behind: 0
2022/12/02-13:56:16.322828 7fd20359bac0             Options.preserve_deletes: 0
2022/12/02-13:56:16.322829 7fd20359bac0             Options.two_write_queues: 0
2022/12/02-13:56:16.322829 7fd20359bac0             Options.manual_wal_flush: 0
2022/12/02-13:56:16.322830 7fd20359bac0             Options.atomic_flush: 0
2022/12/02-13:56:16.322830 7fd20359bac0             Options.avoid_unnecessary_blocking_io: 0
2022/12/02-13:56:16.322831 7fd20359bac0                 Options.persist_stats_to_disk: 0
2022/12/02-13:56:16.322832 7fd20359bac0                 Options.write_dbid_to_manifest: 0
2022/12/02-13:56:16.322832 7fd20359bac0                 Options.log_readahead_size: 0
2022/12/02-13:56:16.322833 7fd20359bac0                 Options.file_checksum_gen_factory: Unknown
2022/12/02-13:56:16.322834 7fd20359bac0                 Options.best_efforts_recovery: 0
2022/12/02-13:56:16.322834 7fd20359bac0                Options.max_bgerror_resume_count: 2147483647
2022/12/02-13:56:16.322835 7fd20359bac0            Options.bgerror_resume_retry_interval: 1000000
2022/12/02-13:56:16.322836 7fd20359bac0             Options.allow_data_in_errors: 0
2022/12/02-13:56:16.322836 7fd20359bac0             Options.db_host_id: __hostname__
2022/12/02-13:56:16.322837 7fd20359bac0             Options.max_background_jobs: 2
2022/12/02-13:56:16.322838 7fd20359bac0             Options.max_background_compactions: -1
2022/12/02-13:56:16.322838 7fd20359bac0             Options.max_subcompactions: 1
2022/12/02-13:56:16.322839 7fd20359bac0             Options.avoid_flush_during_shutdown: 0
2022/12/02-13:56:16.322840 7fd20359bac0           Options.writable_file_max_buffer_size: 1048576
2022/12/02-13:56:16.322840 7fd20359bac0             Options.delayed_write_rate : 16777216
2022/12/02-13:56:16.322841 7fd20359bac0             Options.max_total_wal_size: 0
2022/12/02-13:56:16.322841 7fd20359bac0             Options.delete_obsolete_files_period_micros: 21600000000
2022/12/02-13:56:16.322842 7fd20359bac0                   Options.stats_dump_period_sec: 600
2022/12/02-13:56:16.322843 7fd20359bac0                 Options.stats_persist_period_sec: 600
2022/12/02-13:56:16.322843 7fd20359bac0                 Options.stats_history_buffer_size: 1048576
2022/12/02-13:56:16.322844 7fd20359bac0                          Options.max_open_files: -1
2022/12/02-13:56:16.322845 7fd20359bac0                          Options.bytes_per_sync: 0
2022/12/02-13:56:16.322845 7fd20359bac0                      Options.wal_bytes_per_sync: 0
2022/12/02-13:56:16.322849 7fd20359bac0                   Options.strict_bytes_per_sync: 0
2022/12/02-13:56:16.322849 7fd20359bac0       Options.compaction_readahead_size: 0
2022/12/02-13:56:16.322850 7fd20359bac0                  Options.max_background_flushes: -1
2022/12/02-13:56:16.322851 7fd20359bac0 Compression algorithms supported:
2022/12/02-13:56:16.322851 7fd20359bac0 	kZSTDNotFinalCompression supported: 1
2022/12/02-13:56:16.322853 7fd20359bac0 	kZSTD supported: 1
2022/12/02-13:56:16.322853 7fd20359bac0 	kXpressCompression supported: 0
2022/12/02-13:56:16.322854 7fd20359bac0 	kLZ4HCCompression supported: 1
2022/12/02-13:56:16.322855 7fd20359bac0 	kLZ4Compression supported: 1
2022/12/02-13:56:16.322856 7fd20359bac0 	kBZip2Compression supported: 1
2022/12/02-13:56:16.322856 7fd20359bac0 	kZlibCompression supported: 1
2022/12/02-13:56:16.322857 7fd20359bac0 	kSnappyCompression supported: 1
2022/12/02-13:56:16.322862 7fd20359bac0 Fast CRC32 supported: Supported on x86
2022/12/02-13:56:16.323087 7fd20359bac0 [db/version_set.cc:4758] Recovering from manifest file: /home/patrick/InternetComputer/Hyperspace1/v0/PersonalNFTGallery/.dfx/state/replicated_state/node-100/ic_consensus_pool/certification/MANIFEST-000417
2022/12/02-13:56:16.323157 7fd20359bac0 [db/column_family.cc:595] --------------- Options for column family [default]:
2022/12/02-13:56:16.323159 7fd20359bac0               Options.comparator: leveldb.BytewiseComparator
2022/12/02-13:56:16.323160 7fd20359bac0           Options.merge_operator: None
2022/12/02-13:56:16.323161 7fd20359bac0        Options.compaction_filter: None
2022/12/02-13:56:16.323162 7fd20359bac0        Options.compaction_filter_factory: None
2022/12/02-13:56:16.323162 7fd20359bac0  Options.sst_partitioner_factory: None
2022/12/02-13:56:16.323163 7fd20359bac0         Options.memtable_factory: SkipListFactory
2022/12/02-13:56:16.323164 7fd20359bac0            Options.table_factory: BlockBasedTable
2022/12/02-13:56:16.323178 7fd20359bac0            table_factory options:   flush_block_policy_factory: FlushBlockBySizePolicyFactory (0x55e596144d60)
  cache_index_and_filter_blocks: 0
  cache_index_and_filter_blocks_with_high_priority: 1
  pin_l0_filter_and_index_blocks_in_cache: 0
  pin_top_level_index_and_filter: 1
  index_type: 0
  data_block_index_type: 0
  index_shortening: 1
  data_block_hash_table_util_ratio: 0.750000
  hash_index_allow_collision: 1
  checksum: 1
  no_block_cache: 0
  block_cache: 0x55e59606de80
  block_cache_name: LRUCache
  block_cache_options:
    capacity : 8388608
    num_shard_bits : 4
    strict_capacity_limit : 0
    memory_allocator : None
    high_pri_pool_ratio: 0.000
  block_cache_compressed: (nil)
  persistent_cache: (nil)
  block_size: 4096
  block_size_deviation: 10
  block_restart_interval: 16
  index_block_restart_interval: 1
  metadata_block_size: 4096
  partition_filters: 0
  use_delta_encoding: 1
  filter_policy: nullptr
  whole_key_filtering: 1
  verify_compression: 0
  read_amp_bytes_per_bit: 0
  format_version: 4
  enable_index_compression: 1
  block_align: 0
2022/12/02-13:56:16.323178 7fd20359bac0        Options.write_buffer_size: 67108864
2022/12/02-13:56:16.323179 7fd20359bac0  Options.max_write_buffer_number: 2
2022/12/02-13:56:16.323180 7fd20359bac0          Options.compression: Snappy
2022/12/02-13:56:16.323181 7fd20359bac0                  Options.bottommost_compression: Disabled
2022/12/02-13:56:16.323181 7fd20359bac0       Options.prefix_extractor: nullptr
2022/12/02-13:56:16.323182 7fd20359bac0   Options.memtable_insert_with_hint_prefix_extractor: nullptr
2022/12/02-13:56:16.323183 7fd20359bac0             Options.num_levels: 7
2022/12/02-13:56:16.323183 7fd20359bac0        Options.min_write_buffer_number_to_merge: 1
2022/12/02-13:56:16.323184 7fd20359bac0     Options.max_write_buffer_number_to_maintain: 0
2022/12/02-13:56:16.323185 7fd20359bac0     Options.max_write_buffer_size_to_maintain: 0
2022/12/02-13:56:16.323185 7fd20359bac0            Options.bottommost_compression_opts.window_bits: -14
2022/12/02-13:56:16.323186 7fd20359bac0                  Options.bottommost_compression_opts.level: 32767
2022/12/02-13:56:16.323194 7fd20359bac0               Options.bottommost_compression_opts.strategy: 0
2022/12/02-13:56:16.323195 7fd20359bac0         Options.bottommost_compression_opts.max_dict_bytes: 0
2022/12/02-13:56:16.323196 7fd20359bac0         Options.bottommost_compression_opts.zstd_max_train_bytes: 0
2022/12/02-13:56:16.323196 7fd20359bac0         Options.bottommost_compression_opts.parallel_threads: 1
2022/12/02-13:56:16.323197 7fd20359bac0                  Options.bottommost_compression_opts.enabled: false
2022/12/02-13:56:16.323197 7fd20359bac0            Options.compression_opts.window_bits: -14
2022/12/02-13:56:16.323198 7fd20359bac0                  Options.compression_opts.level: 32767
2022/12/02-13:56:16.323199 7fd20359bac0               Options.compression_opts.strategy: 0
2022/12/02-13:56:16.323199 7fd20359bac0         Options.compression_opts.max_dict_bytes: 0
2022/12/02-13:56:16.323200 7fd20359bac0         Options.compression_opts.zstd_max_train_bytes: 0
2022/12/02-13:56:16.323200 7fd20359bac0         Options.compression_opts.parallel_threads: 1
2022/12/02-13:56:16.323201 7fd20359bac0                  Options.compression_opts.enabled: false
2022/12/02-13:56:16.323202 7fd20359bac0      Options.level0_file_num_compaction_trigger: 4
2022/12/02-13:56:16.323202 7fd20359bac0          Options.level0_slowdown_writes_trigger: 20
2022/12/02-13:56:16.323203 7fd20359bac0              Options.level0_stop_writes_trigger: 36
2022/12/02-13:56:16.323204 7fd20359bac0                   Options.target_file_size_base: 67108864
2022/12/02-13:56:16.323204 7fd20359bac0             Options.target_file_size_multiplier: 1
2022/12/02-13:56:16.323205 7fd20359bac0                Options.max_bytes_for_level_base: 268435456
2022/12/02-13:56:16.323206 7fd20359bac0 Options.level_compaction_dynamic_level_bytes: 0
2022/12/02-13:56:16.323206 7fd20359bac0          Options.max_bytes_for_level_multiplier: 10.000000
2022/12/02-13:56:16.323208 7fd20359bac0 Options.max_bytes_for_level_multiplier_addtl[0]: 1
2022/12/02-13:56:16.323209 7fd20359bac0 Options.max_bytes_for_level_multiplier_addtl[1]: 1
2022/12/02-13:56:16.323209 7fd20359bac0 Options.max_bytes_for_level_multiplier_addtl[2]: 1
2022/12/02-13:56:16.323210 7fd20359bac0 Options.max_bytes_for_level_multiplier_addtl[3]: 1
2022/12/02-13:56:16.323210 7fd20359bac0 Options.max_bytes_for_level_multiplier_addtl[4]: 1
2022/12/02-13:56:16.323211 7fd20359bac0 Options.max_bytes_for_level_multiplier_addtl[5]: 1
2022/12/02-13:56:16.323212 7fd20359bac0 Options.max_bytes_for_level_multiplier_addtl[6]: 1
2022/12/02-13:56:16.323212 7fd20359bac0       Options.max_sequential_skip_in_iterations: 8
2022/12/02-13:56:16.323213 7fd20359bac0                    Options.max_compaction_bytes: 1677721600
2022/12/02-13:56:16.323214 7fd20359bac0                        Options.arena_block_size: 8388608
2022/12/02-13:56:16.323214 7fd20359bac0   Options.soft_pending_compaction_bytes_limit: 68719476736
2022/12/02-13:56:16.323215 7fd20359bac0   Options.hard_pending_compaction_bytes_limit: 274877906944
2022/12/02-13:56:16.323216 7fd20359bac0       Options.rate_limit_delay_max_milliseconds: 100
2022/12/02-13:56:16.323216 7fd20359bac0                Options.disable_auto_compactions: 0
2022/12/02-13:56:16.323218 7fd20359bac0                        Options.compaction_style: kCompactionStyleLevel
2022/12/02-13:56:16.323219 7fd20359bac0                          Options.compaction_pri: kMinOverlappingRatio
2022/12/02-13:56:16.323219 7fd20359bac0 Options.compaction_options_universal.size_ratio: 1
2022/12/02-13:56:16.323220 7fd20359bac0 Options.compaction_options_universal.min_merge_width: 2
2022/12/02-13:56:16.323221 7fd20359bac0 Options.compaction_options_universal.max_merge_width: 4294967295
2022/12/02-13:56:16.323221 7fd20359bac0 Options.compaction_options_universal.max_size_amplification_percent: 200
2022/12/02-13:56:16.323222 7fd20359bac0 Options.compaction_options_universal.compression_size_percent: -1
2022/12/02-13:56:16.323223 7fd20359bac0 Options.compaction_options_universal.stop_style: kCompactionStopStyleTotalSize
2022/12/02-13:56:16.323226 7fd20359bac0 Options.compaction_options_fifo.max_table_files_size: 1073741824
2022/12/02-13:56:16.323227 7fd20359bac0 Options.compaction_options_fifo.allow_compaction: 0
2022/12/02-13:56:16.323234 7fd20359bac0                   Options.table_properties_collectors: 
2022/12/02-13:56:16.323234 7fd20359bac0                   Options.inplace_update_support: 0
2022/12/02-13:56:16.323235 7fd20359bac0                 Options.inplace_update_num_locks: 10000
2022/12/02-13:56:16.323236 7fd20359bac0               Options.memtable_prefix_bloom_size_ratio: 0.000000
2022/12/02-13:56:16.323236 7fd20359bac0               Options.memtable_whole_key_filtering: 0
2022/12/02-13:56:16.323237 7fd20359bac0   Options.memtable_huge_page_size: 0
2022/12/02-13:56:16.323238 7fd20359bac0                           Options.bloom_locality: 0
2022/12/02-13:56:16.323238 7fd20359bac0                    Options.max_successive_merges: 0
2022/12/02-13:56:16.323239 7fd20359bac0                Options.optimize_filters_for_hits: 0
2022/12/02-13:56:16.323239 7fd20359bac0                Options.paranoid_file_checks: 0
2022/12/02-13:56:16.323240 7fd20359bac0                Options.force_consistency_checks: 1
2022/12/02-13:56:16.323241 7fd20359bac0                Options.report_bg_io_stats: 0
2022/12/02-13:56:16.323241 7fd20359bac0                               Options.ttl: 2592000
2022/12/02-13:56:16.323242 7fd20359bac0          Options.periodic_compaction_seconds: 0
2022/12/02-13:56:16.323242 7fd20359bac0                    Options.enable_blob_files: false
2022/12/02-13:56:16.323243 7fd20359bac0                        Options.min_blob_size: 0
2022/12/02-13:56:16.323243 7fd20359bac0                       Options.blob_file_size: 268435456
2022/12/02-13:56:16.323244 7fd20359bac0                Options.blob_compression_type: NoCompression
2022/12/02-13:56:16.323245 7fd20359bac0       Options.enable_blob_garbage_collection: false
2022/12/02-13:56:16.323245 7fd20359bac0   Options.blob_garbage_collection_age_cutoff: 0.250000
2022/12/02-13:56:16.323748 7fd20359bac0 [db/column_family.cc:595] --------------- Options for column family [CE]:
2022/12/02-13:56:16.323755 7fd20359bac0               Options.comparator: leveldb.BytewiseComparator
2022/12/02-13:56:16.323756 7fd20359bac0           Options.merge_operator: None
2022/12/02-13:56:16.323759 7fd20359bac0        Options.compaction_filter: filter_outdated
2022/12/02-13:56:16.323760 7fd20359bac0        Options.compaction_filter_factory: None
2022/12/02-13:56:16.323760 7fd20359bac0  Options.sst_partitioner_factory: None
2022/12/02-13:56:16.323761 7fd20359bac0         Options.memtable_factory: SkipListFactory
2022/12/02-13:56:16.323761 7fd20359bac0            Options.table_factory: BlockBasedTable
2022/12/02-13:56:16.323776 7fd20359bac0            table_factory options:   flush_block_policy_factory: FlushBlockBySizePolicyFactory (0x55e596098060)
  cache_index_and_filter_blocks: 0
  cache_index_and_filter_blocks_with_high_priority: 1
  pin_l0_filter_and_index_blocks_in_cache: 0
  pin_top_level_index_and_filter: 1
  index_type: 0
  data_block_index_type: 0
  index_shortening: 1
  data_block_hash_table_util_ratio: 0.750000
  hash_index_allow_collision: 1
  checksum: 1
  no_block_cache: 0
  block_cache: 0x55e59613d1f0
  block_cache_name: LRUCache
  block_cache_options:
    capacity : 8388608
    num_shard_bits : 4
    strict_capacity_limit : 0
    memory_allocator : None
    high_pri_pool_ratio: 0.000
  block_cache_compressed: (nil)
  persistent_cache: (nil)
  block_size: 4096
  block_size_deviation: 10
  block_restart_interval: 16
  index_block_restart_interval: 1
  metadata_block_size: 4096
  partition_filters: 0
  use_delta_encoding: 1
  filter_policy: nullptr
  whole_key_filtering: 1
  verify_compression: 0
  read_amp_bytes_per_bit: 0
  format_version: 4
  enable_index_compression: 1
  block_align: 0
2022/12/02-13:56:16.323777 7fd20359bac0        Options.write_buffer_size: 67108864
2022/12/02-13:56:16.323778 7fd20359bac0  Options.max_write_buffer_number: 2
2022/12/02-13:56:16.323795 7fd20359bac0          Options.compression: NoCompression
2022/12/02-13:56:16.323795 7fd20359bac0                  Options.bottommost_compression: Disabled
2022/12/02-13:56:16.323796 7fd20359bac0       Options.prefix_extractor: nullptr
2022/12/02-13:56:16.323797 7fd20359bac0   Options.memtable_insert_with_hint_prefix_extractor: nullptr
2022/12/02-13:56:16.323798 7fd20359bac0             Options.num_levels: 7
2022/12/02-13:56:16.323798 7fd20359bac0        Options.min_write_buffer_number_to_merge: 1
2022/12/02-13:56:16.323799 7fd20359bac0     Options.max_write_buffer_number_to_maintain: 0
2022/12/02-13:56:16.323800 7fd20359bac0     Options.max_write_buffer_size_to_maintain: 0
2022/12/02-13:56:16.323800 7fd20359bac0            Options.bottommost_compression_opts.window_bits: -14
2022/12/02-13:56:16.323801 7fd20359bac0                  Options.bottommost_compression_opts.level: 32767
2022/12/02-13:56:16.323802 7fd20359bac0               Options.bottommost_compression_opts.strategy: 0
2022/12/02-13:56:16.323802 7fd20359bac0         Options.bottommost_compression_opts.max_dict_bytes: 0
2022/12/02-13:56:16.323803 7fd20359bac0         Options.bottommost_compression_opts.zstd_max_train_bytes: 0
2022/12/02-13:56:16.323803 7fd20359bac0         Options.bottommost_compression_opts.parallel_threads: 1
2022/12/02-13:56:16.323804 7fd20359bac0                  Options.bottommost_compression_opts.enabled: false
2022/12/02-13:56:16.323805 7fd20359bac0            Options.compression_opts.window_bits: -14
2022/12/02-13:56:16.323805 7fd20359bac0                  Options.compression_opts.level: 32767
2022/12/02-13:56:16.323806 7fd20359bac0               Options.compression_opts.strategy: 0
2022/12/02-13:56:16.323807 7fd20359bac0         Options.compression_opts.max_dict_bytes: 0
2022/12/02-13:56:16.323807 7fd20359bac0         Options.compression_opts.zstd_max_train_bytes: 0
2022/12/02-13:56:16.323808 7fd20359bac0         Options.compression_opts.parallel_threads: 1
2022/12/02-13:56:16.323808 7fd20359bac0                  Options.compression_opts.enabled: false
2022/12/02-13:56:16.323809 7fd20359bac0      Options.level0_file_num_compaction_trigger: 4
2022/12/02-13:56:16.323810 7fd20359bac0          Options.level0_slowdown_writes_trigger: 20
2022/12/02-13:56:16.323810 7fd20359bac0              Options.level0_stop_writes_trigger: 36
2022/12/02-13:56:16.323811 7fd20359bac0                   Options.target_file_size_base: 67108864
2022/12/02-13:56:16.323812 7fd20359bac0             Options.target_file_size_multiplier: 1
2022/12/02-13:56:16.323812 7fd20359bac0                Options.max_bytes_for_level_base: 268435456
2022/12/02-13:56:16.323813 7fd20359bac0 Options.level_compaction_dynamic_level_bytes: 0
2022/12/02-13:56:16.323814 7fd20359bac0          Options.max_bytes_for_level_multiplier: 10.000000
2022/12/02-13:56:16.323816 7fd20359bac0 Options.max_bytes_for_level_multiplier_addtl[0]: 1
2022/12/02-13:56:16.323816 7fd20359bac0 Options.max_bytes_for_level_multiplier_addtl[1]: 1
2022/12/02-13:56:16.323817 7fd20359bac0 Options.max_bytes_for_level_multiplier_addtl[2]: 1
2022/12/02-13:56:16.323818 7fd20359bac0 Options.max_bytes_for_level_multiplier_addtl[3]: 1
2022/12/02-13:56:16.323818 7fd20359bac0 Options.max_bytes_for_level_multiplier_addtl[4]: 1
2022/12/02-13:56:16.323819 7fd20359bac0 Options.max_bytes_for_level_multiplier_addtl[5]: 1
2022/12/02-13:56:16.323819 7fd20359bac0 Options.max_bytes_for_level_multiplier_addtl[6]: 1
2022/12/02-13:56:16.323820 7fd20359bac0       Options.max_sequential_skip_in_iterations: 8
2022/12/02-13:56:16.323821 7fd20359bac0                    Options.max_compaction_bytes: 1677721600
2022/12/02-13:56:16.323821 7fd20359bac0                        Options.arena_block_size: 8388608
2022/12/02-13:56:16.323822 7fd20359bac0   Options.soft_pending_compaction_bytes_limit: 68719476736
2022/12/02-13:56:16.323823 7fd20359bac0   Options.hard_pending_compaction_bytes_limit: 274877906944
2022/12/02-13:56:16.323823 7fd20359bac0       Options.rate_limit_delay_max_milliseconds: 100
2022/12/02-13:56:16.323824 7fd20359bac0                Options.disable_auto_compactions: 1
2022/12/02-13:56:16.323829 7fd20359bac0                        Options.compaction_style: kCompactionStyleLevel
2022/12/02-13:56:16.323830 7fd20359bac0                          Options.compaction_pri: kMinOverlappingRatio
2022/12/02-13:56:16.323831 7fd20359bac0 Options.compaction_options_universal.size_ratio: 1
2022/12/02-13:56:16.323831 7fd20359bac0 Options.compaction_options_universal.min_merge_width: 2
2022/12/02-13:56:16.323832 7fd20359bac0 Options.compaction_options_universal.max_merge_width: 4294967295
2022/12/02-13:56:16.323833 7fd20359bac0 Options.compaction_options_universal.max_size_amplification_percent: 200
2022/12/02-13:56:16.323833 7fd20359bac0 Options.compaction_options_universal.compression_size_percent: -1
2022/12/02-13:56:16.323834 7fd20359bac0 Options.compaction_options_universal.stop_style: kCompactionStopStyleTotalSize
2022/12/02-13:56:16.323835 7fd20359bac0 Options.compaction_options_fifo.max_table_files_size: 1073741824
2022/12/02-13:56:16.323836 7fd20359bac0 Options.compaction_options_fifo.allow_compaction: 0
2022/12/02-13:56:16.323841 7fd20359bac0                   Options.table_properties_collectors: 
2022/12/02-13:56:16.323842 7fd20359bac0                   Options.inplace_update_support: 0
2022/12/02-13:56:16.323843 7fd20359bac0                 Options.inplace_update_num_locks: 10000
2022/12/02-13:56:16.323843 7fd20359bac0               Options.memtable_prefix_bloom_size_ratio: 0.000000
2022/12/02-13:56:16.323844 7fd20359bac0               Options.memtable_whole_key_filtering: 0
2022/12/02-13:56:16.323845 7fd20359bac0   Options.memtable_huge_page_size: 0
2022/12/02-13:56:16.323845 7fd20359bac0                           Options.bloom_locality: 0
2022/12/02-13:56:16.323846 7fd20359bac0                    Options.max_successive_merges: 0
2022/12/02-13:56:16.323847 7fd20359bac0                Options.optimize_filters_for_hits: 0
2022/12/02-13:56:16.323847 7fd20359bac0                Options.paranoid_file_checks: 0
2022/12/02-13:56:16.323848 7fd20359bac0                Options.force_consistency_checks: 1
2022/12/02-13:56:16.323849 7fd20359bac0                Options.report_bg_io_stats: 0
2022/12/02-13:56:16.323849 7fd20359bac0                               Options.ttl: 2592000
2022/12/02-13:56:16.323850 7fd20359bac0          Options.periodic_compaction_seconds: 2592000
2022/12/02-13:56:16.323850 7fd20359bac0                    Options.enable_blob_files: false
2022/12/02-13:56:16.323851 7fd20359bac0                        Options.min_blob_size: 0
2022/12/02-13:56:16.323852 7fd20359bac0                       Options.blob_file_size: 268435456
2022/12/02-13:56:16.323852 7fd20359bac0                Options.blob_compression_type: NoCompression
2022/12/02-13:56:16.323853 7fd20359bac0       Options.enable_blob_garbage_collection: false
2022/12/02-13:56:16.323854 7fd20359bac0   Options.blob_garbage_collection_age_cutoff: 0.250000
2022/12/02-13:56:16.323878 7fd20359bac0 [db/column_family.cc:595] --------------- Options for column family [CES]:
2022/12/02-13:56:16.323879 7fd20359bac0               Options.comparator: leveldb.BytewiseComparator
2022/12/02-13:56:16.323880 7fd20359bac0           Options.merge_operator: None
2022/12/02-13:56:16.323881 7fd20359bac0        Options.compaction_filter: filter_outdated
2022/12/02-13:56:16.323882 7fd20359bac0        Options.compaction_filter_factory: None
2022/12/02-13:56:16.323883 7fd20359bac0  Options.sst_partitioner_factory: None
2022/12/02-13:56:16.323883 7fd20359bac0         Options.memtable_factory: SkipListFactory
2022/12/02-13:56:16.323884 7fd20359bac0            Options.table_factory: BlockBasedTable
2022/12/02-13:56:16.323894 7fd20359bac0            table_factory options:   flush_block_policy_factory: FlushBlockBySizePolicyFactory (0x55e596141520)
  cache_index_and_filter_blocks: 0
  cache_index_and_filter_blocks_with_high_priority: 1
  pin_l0_filter_and_index_blocks_in_cache: 0
  pin_top_level_index_and_filter: 1
  index_type: 0
  data_block_index_type: 0
  index_shortening: 1
  data_block_hash_table_util_ratio: 0.750000
  hash_index_allow_collision: 1
  checksum: 1
  no_block_cache: 0
  block_cache: 0x55e596069940
  block_cache_name: LRUCache
  block_cache_options:
    capacity : 8388608
    num_shard_bits : 4
    strict_capacity_limit : 0
    memory_allocator : None
    high_pri_pool_ratio: 0.000
  block_cache_compressed: (nil)
  persistent_cache: (nil)
  block_size: 4096
  block_size_deviation: 10
  block_restart_interval: 16
  index_block_restart_interval: 1
  metadata_block_size: 4096
  partition_filters: 0
  use_delta_encoding: 1
  filter_policy: nullptr
  whole_key_filtering: 1
  verify_compression: 0
  read_amp_bytes_per_bit: 0
  format_version: 4
  enable_index_compression: 1
  block_align: 0
2022/12/02-13:56:16.323998 7fd20359bac0        Options.write_buffer_size: 67108864
2022/12/02-13:56:16.324000 7fd20359bac0  Options.max_write_buffer_number: 2
2022/12/02-13:56:16.324001 7fd20359bac0          Options.compression: NoCompression
2022/12/02-13:56:16.324001 7fd20359bac0                  Options.bottommost_compression: Disabled
2022/12/02-13:56:16.324002 7fd20359bac0       Options.prefix_extractor: nullptr
2022/12/02-13:56:16.324003 7fd20359bac0   Options.memtable_insert_with_hint_prefix_extractor: nullptr
2022/12/02-13:56:16.324003 7fd20359bac0             Options.num_levels: 7
2022/12/02-13:56:16.324004 7fd20359bac0        Options.min_write_buffer_number_to_merge: 1
2022/12/02-13:56:16.324005 7fd20359bac0     Options.max_write_buffer_number_to_maintain: 0
2022/12/02-13:56:16.324006 7fd20359bac0     Options.max_write_buffer_size_to_maintain: 0
2022/12/02-13:56:16.324006 7fd20359bac0            Options.bottommost_compression_opts.window_bits: -14
2022/12/02-13:56:16.324007 7fd20359bac0                  Options.bottommost_compression_opts.level: 32767
2022/12/02-13:56:16.324008 7fd20359bac0               Options.bottommost_compression_opts.strategy: 0
2022/12/02-13:56:16.324009 7fd20359bac0         Options.bottommost_compression_opts.max_dict_bytes: 0
2022/12/02-13:56:16.324009 7fd20359bac0         Options.bottommost_compression_opts.zstd_max_train_bytes: 0
2022/12/02-13:56:16.324010 7fd20359bac0         Options.bottommost_compression_opts.parallel_threads: 1
2022/12/02-13:56:16.324011 7fd20359bac0                  Options.bottommost_compression_opts.enabled: false
2022/12/02-13:56:16.324011 7fd20359bac0            Options.compression_opts.window_bits: -14
2022/12/02-13:56:16.324012 7fd20359bac0                  Options.compression_opts.level: 32767
2022/12/02-13:56:16.324013 7fd20359bac0               Options.compression_opts.strategy: 0
2022/12/02-13:56:16.324013 7fd20359bac0         Options.compression_opts.max_dict_bytes: 0
2022/12/02-13:56:16.324014 7fd20359bac0         Options.compression_opts.zstd_max_train_bytes: 0
2022/12/02-13:56:16.324015 7fd20359bac0         Options.compression_opts.parallel_threads: 1
2022/12/02-13:56:16.324015 7fd20359bac0                  Options.compression_opts.enabled: false
2022/12/02-13:56:16.324016 7fd20359bac0      Options.level0_file_num_compaction_trigger: 4
2022/12/02-13:56:16.324017 7fd20359bac0          Options.level0_slowdown_writes_trigger: 20
2022/12/02-13:56:16.324018 7fd20359bac0              Options.level0_stop_writes_trigger: 36
2022/12/02-13:56:16.324018 7fd20359bac0                   Options.target_file_size_base: 67108864
2022/12/02-13:56:16.324019 7fd20359bac0             Options.target_file_size_multiplier: 1
2022/12/02-13:56:16.324020 7fd20359bac0                Options.max_bytes_for_level_base: 268435456
2022/12/02-13:56:16.324021 7fd20359bac0 Options.level_compaction_dynamic_level_bytes: 0
2022/12/02-13:56:16.324021 7fd20359bac0          Options.max_bytes_for_level_multiplier: 10.000000
2022/12/02-13:56:16.324023 7fd20359bac0 Options.max_bytes_for_level_multiplier_addtl[0]: 1
2022/12/02-13:56:16.324024 7fd20359bac0 Options.max_bytes_for_level_multiplier_addtl[1]: 1
2022/12/02-13:56:16.324024 7fd20359bac0 Options.max_bytes_for_level_multiplier_addtl[2]: 1
2022/12/02-13:56:16.324025 7fd20359bac0 Options.max_bytes_for_level_multiplier_addtl[3]: 1
2022/12/02-13:56:16.324032 7fd20359bac0 Options.max_bytes_for_level_multiplier_addtl[4]: 1
2022/12/02-13:56:16.324032 7fd20359bac0 Options.max_bytes_for_level_multiplier_addtl[5]: 1
2022/12/02-13:56:16.324033 7fd20359bac0 Options.max_bytes_for_level_multiplier_addtl[6]: 1
2022/12/02-13:56:16.324034 7fd20359bac0       Options.max_sequential_skip_in_iterations: 8
2022/12/02-13:56:16.324034 7fd20359bac0                    Options.max_compaction_bytes: 1677721600
2022/12/02-13:56:16.324035 7fd20359bac0                        Options.arena_block_size: 8388608
2022/12/02-13:56:16.324036 7fd20359bac0   Options.soft_pending_compaction_bytes_limit: 68719476736
2022/12/02-13:56:16.324036 7fd20359bac0   Options.hard_pending_compaction_bytes_limit: 274877906944
2022/12/02-13:56:16.324037 7fd20359bac0       Options.rate_limit_delay_max_milliseconds: 100
2022/12/02-13:56:16.324038 7fd20359bac0                Options.disable_auto_compactions: 1
2022/12/02-13:56:16.324039 7fd20359bac0                        Options.compaction_style: kCompactionStyleLevel
2022/12/02-13:56:16.324040 7fd20359bac0                          Options.compaction_pri: kMinOverlappingRatio
2022/12/02-13:56:16.324040 7fd20359bac0 Options.compaction_options_universal.size_ratio: 1
2022/12/02-13:56:16.324041 7fd20359bac0 Options.compaction_options_universal.min_merge_width: 2
2022/12/02-13:56:16.324041 7fd20359bac0 Options.compaction_options_universal.max_merge_width: 4294967295
2022/12/02-13:56:16.324042 7fd20359bac0 Options.compaction_options_universal.max_size_amplification_percent: 200
2022/12/02-13:56:16.324043 7fd20359bac0 Options.compaction_options_universal.compression_size_percent: -1
2022/12/02-13:56:16.324043 7fd20359bac0 Options.compaction_options_universal.stop_style: kCompactionStopStyleTotalSize
2022/12/02-13:56:16.324044 7fd20359bac0 Options.compaction_options_fifo.max_table_files_size: 1073741824
2022/12/02-13:56:16.324045 7fd20359bac0 Options.compaction_options_fifo.allow_compaction: 0
2022/12/02-13:56:16.324047 7fd20359bac0                   Options.table_properties_collectors: 
2022/12/02-13:56:16.324048 7fd20359bac0                   Options.inplace_update_support: 0
2022/12/02-13:56:16.324048 7fd20359bac0                 Options.inplace_update_num_locks: 10000
2022/12/02-13:56:16.324049 7fd20359bac0               Options.memtable_prefix_bloom_size_ratio: 0.000000
2022/12/02-13:56:16.324050 7fd20359bac0               Options.memtable_whole_key_filtering: 0
2022/12/02-13:56:16.324050 7fd20359bac0   Options.memtable_huge_page_size: 0
2022/12/02-13:56:16.324051 7fd20359bac0                           Options.bloom_locality: 0
2022/12/02-13:56:16.324052 7fd20359bac0                    Options.max_successive_merges: 0
2022/12/02-13:56:16.324052 7fd20359bac0                Options.optimize_filters_for_hits: 0
2022/12/02-13:56:16.324053 7fd20359bac0                Options.paranoid_file_checks: 0
2022/12/02-13:56:16.324053 7fd20359bac0                Options.force_consistency_checks: 1
2022/12/02-13:56:16.324054 7fd20359bac0                Options.report_bg_io_stats: 0
2022/12/02-13:56:16.324055 7fd20359bac0                               Options.ttl: 2592000
2022/12/02-13:56:16.324055 7fd20359bac0          Options.periodic_compaction_seconds: 2592000
2022/12/02-13:56:16.324056 7fd20359bac0                    Options.enable_blob_files: false
2022/12/02-13:56:16.324056 7fd20359bac0                        Options.min_blob_size: 0
2022/12/02-13:56:16.324057 7fd20359bac0                       Options.blob_file_size: 268435456
2022/12/02-13:56:16.324058 7fd20359bac0                Options.blob_compression_type: NoCompression
2022/12/02-13:56:16.324058 7fd20359bac0       Options.enable_blob_garbage_collection: false
2022/12/02-13:56:16.324059 7fd20359bac0   Options.blob_garbage_collection_age_cutoff: 0.250000
2022/12/02-13:56:16.328379 7fd20359bac0 [db/version_set.cc:4798] Recovered from manifest file:/home/patrick/InternetComputer/Hyperspace1/v0/PersonalNFTGallery/.dfx/state/replicated_state/node-100/ic_consensus_pool/certification/MANIFEST-000417 succeeded,manifest_file_number is 417, next_file_number is 424, last_sequence is 354634, log_number is 411,prev_log_number is 0,max_column_family is 2,min_log_number_to_keep is 0
2022/12/02-13:56:16.328415 7fd20359bac0 [db/version_set.cc:4813] Column family [default] (ID 0), log number is 411
2022/12/02-13:56:16.328417 7fd20359bac0 [db/version_set.cc:4813] Column family [CE] (ID 1), log number is 411
2022/12/02-13:56:16.328418 7fd20359bac0 [db/version_set.cc:4813] Column family [CES] (ID 2), log number is 411
2022/12/02-13:56:16.328575 7fd20359bac0 [db/version_set.cc:4112] Creating manifest 424
2022/12/02-13:56:16.341342 7fd20359bac0 EVENT_LOG_v1 {"time_micros": 1669985776341337, "job": 1, "event": "recovery_started", "wal_files": [418]}
2022/12/02-13:56:16.341347 7fd20359bac0 [db/db_impl/db_impl_open.cc:847] Recovering log #418 mode 2
2022/12/02-13:56:16.351769 7fd20359bac0 EVENT_LOG_v1 {"time_micros": 1669985776351750, "cf_name": "CE", "job": 1, "event": "table_file_creation", "file_number": 425, "file_size": 383529, "file_checksum": "", "file_checksum_func_name": "Unknown", "table_properties": {"data_size": 380852, "index_size": 1821, "index_partitions": 0, "top_level_index_size": 0, "index_key_is_user_key": 1, "index_value_is_delta_encoded": 1, "filter_size": 0, "raw_key_size": 89808, "raw_average_key_size": 48, "raw_value_size": 293747, "raw_average_value_size": 157, "num_data_blocks": 94, "num_entries": 1871, "num_deletions": 0, "num_merge_operands": 0, "num_range_deletions": 0, "format_version": 0, "fixed_key_len": 0, "filter_policy": "", "column_family_name": "CE", "column_family_id": 1, "comparator": "leveldb.BytewiseComparator", "merge_operator": "nullptr", "prefix_extractor_name": "nullptr", "property_collectors": "[]", "compression": "NoCompression", "compression_options": "window_bits=-14; level=32767; strategy=0; max_dict_bytes=0; zstd_max_train_bytes=0; enabled=0; ", "creation_time": 1669985776, "oldest_key_time": 0, "file_creation_time": 0, "db_id": "99a1e131-efea-4a0e-bb33-6ed4f1a22c53", "db_session_id": "J6ZRTZ9HE2RIZUJTVQB9"}}
