2022/09/18-00:45:27.538957 7fa91f4a6ac0 RocksDB version: 6.17.0
2022/09/18-00:45:27.539007 7fa91f4a6ac0 Git sha 0
2022/09/18-00:45:27.539039 7fa91f4a6ac0 DB SUMMARY
2022/09/18-00:45:27.539040 7fa91f4a6ac0 DB Session ID:  4FB45XPC6IVPTQW1Z94M
2022/09/18-00:45:27.539079 7fa91f4a6ac0 CURRENT file:  CURRENT
2022/09/18-00:45:27.539081 7fa91f4a6ac0 IDENTITY file:  IDENTITY
2022/09/18-00:45:27.539085 7fa91f4a6ac0 MANIFEST file:  MANIFEST-000162 size: 752 Bytes
2022/09/18-00:45:27.539086 7fa91f4a6ac0 SST files in /home/patrick/InternetComputer/Hyperspace1/v0/PersonalNFTGallery/.dfx/state/replicated_state/node-100/ic_consensus_pool/certification dir, Total Num: 4, files: 000154.sst 000157.sst 000160.sst 000161.sst 
2022/09/18-00:45:27.539087 7fa91f4a6ac0 Write Ahead Log file in /home/patrick/InternetComputer/Hyperspace1/v0/PersonalNFTGallery/.dfx/state/replicated_state/node-100/ic_consensus_pool/certification: 000163.log size: 994920 ; 
2022/09/18-00:45:27.539088 7fa91f4a6ac0                         Options.error_if_exists: 0
2022/09/18-00:45:27.539089 7fa91f4a6ac0                       Options.create_if_missing: 1
2022/09/18-00:45:27.539090 7fa91f4a6ac0                         Options.paranoid_checks: 1
2022/09/18-00:45:27.539090 7fa91f4a6ac0                               Options.track_and_verify_wals_in_manifest: 0
2022/09/18-00:45:27.539091 7fa91f4a6ac0                                     Options.env: 0x55a3abaff940
2022/09/18-00:45:27.539092 7fa91f4a6ac0                                      Options.fs: Posix File System
2022/09/18-00:45:27.539093 7fa91f4a6ac0                                Options.info_log: 0x55a3eddcf520
2022/09/18-00:45:27.539093 7fa91f4a6ac0                Options.max_file_opening_threads: 16
2022/09/18-00:45:27.539094 7fa91f4a6ac0                              Options.statistics: (nil)
2022/09/18-00:45:27.539095 7fa91f4a6ac0                               Options.use_fsync: 1
2022/09/18-00:45:27.539095 7fa91f4a6ac0                       Options.max_log_file_size: 0
2022/09/18-00:45:27.539096 7fa91f4a6ac0                  Options.max_manifest_file_size: 1073741824
2022/09/18-00:45:27.539097 7fa91f4a6ac0                   Options.log_file_time_to_roll: 0
2022/09/18-00:45:27.539097 7fa91f4a6ac0                       Options.keep_log_file_num: 1000
2022/09/18-00:45:27.539098 7fa91f4a6ac0                    Options.recycle_log_file_num: 0
2022/09/18-00:45:27.539098 7fa91f4a6ac0                         Options.allow_fallocate: 1
2022/09/18-00:45:27.539099 7fa91f4a6ac0                        Options.allow_mmap_reads: 0
2022/09/18-00:45:27.539100 7fa91f4a6ac0                       Options.allow_mmap_writes: 0
2022/09/18-00:45:27.539100 7fa91f4a6ac0                        Options.use_direct_reads: 0
2022/09/18-00:45:27.539101 7fa91f4a6ac0                        Options.use_direct_io_for_flush_and_compaction: 0
2022/09/18-00:45:27.539102 7fa91f4a6ac0          Options.create_missing_column_families: 1
2022/09/18-00:45:27.539102 7fa91f4a6ac0                              Options.db_log_dir: 
2022/09/18-00:45:27.539103 7fa91f4a6ac0                                 Options.wal_dir: /home/patrick/InternetComputer/Hyperspace1/v0/PersonalNFTGallery/.dfx/state/replicated_state/node-100/ic_consensus_pool/certification
2022/09/18-00:45:27.539103 7fa91f4a6ac0                Options.table_cache_numshardbits: 6
2022/09/18-00:45:27.539104 7fa91f4a6ac0                         Options.WAL_ttl_seconds: 0
2022/09/18-00:45:27.539105 7fa91f4a6ac0                       Options.WAL_size_limit_MB: 0
2022/09/18-00:45:27.539105 7fa91f4a6ac0                        Options.max_write_batch_group_size_bytes: 1048576
2022/09/18-00:45:27.539106 7fa91f4a6ac0             Options.manifest_preallocation_size: 4194304
2022/09/18-00:45:27.539107 7fa91f4a6ac0                     Options.is_fd_close_on_exec: 1
2022/09/18-00:45:27.539107 7fa91f4a6ac0                   Options.advise_random_on_open: 1
2022/09/18-00:45:27.539108 7fa91f4a6ac0                    Options.db_write_buffer_size: 0
2022/09/18-00:45:27.539109 7fa91f4a6ac0                    Options.write_buffer_manager: 0x55a3edd44750
2022/09/18-00:45:27.539109 7fa91f4a6ac0         Options.access_hint_on_compaction_start: 1
2022/09/18-00:45:27.539135 7fa91f4a6ac0  Options.new_table_reader_for_compaction_inputs: 0
2022/09/18-00:45:27.539137 7fa91f4a6ac0           Options.random_access_max_buffer_size: 1048576
2022/09/18-00:45:27.539138 7fa91f4a6ac0                      Options.use_adaptive_mutex: 0
2022/09/18-00:45:27.539139 7fa91f4a6ac0                            Options.rate_limiter: (nil)
2022/09/18-00:45:27.539140 7fa91f4a6ac0     Options.sst_file_manager.rate_bytes_per_sec: 0
2022/09/18-00:45:27.539141 7fa91f4a6ac0                       Options.wal_recovery_mode: 2
2022/09/18-00:45:27.539141 7fa91f4a6ac0                  Options.enable_thread_tracking: 0
2022/09/18-00:45:27.539142 7fa91f4a6ac0                  Options.enable_pipelined_write: 0
2022/09/18-00:45:27.539142 7fa91f4a6ac0                  Options.unordered_write: 0
2022/09/18-00:45:27.539143 7fa91f4a6ac0         Options.allow_concurrent_memtable_write: 1
2022/09/18-00:45:27.539144 7fa91f4a6ac0      Options.enable_write_thread_adaptive_yield: 1
2022/09/18-00:45:27.539144 7fa91f4a6ac0             Options.write_thread_max_yield_usec: 100
2022/09/18-00:45:27.539145 7fa91f4a6ac0            Options.write_thread_slow_yield_usec: 3
2022/09/18-00:45:27.539145 7fa91f4a6ac0                               Options.row_cache: None
2022/09/18-00:45:27.539146 7fa91f4a6ac0                              Options.wal_filter: None
2022/09/18-00:45:27.539148 7fa91f4a6ac0             Options.avoid_flush_during_recovery: 0
2022/09/18-00:45:27.539148 7fa91f4a6ac0             Options.allow_ingest_behind: 0
2022/09/18-00:45:27.539149 7fa91f4a6ac0             Options.preserve_deletes: 0
2022/09/18-00:45:27.539149 7fa91f4a6ac0             Options.two_write_queues: 0
2022/09/18-00:45:27.539150 7fa91f4a6ac0             Options.manual_wal_flush: 0
2022/09/18-00:45:27.539151 7fa91f4a6ac0             Options.atomic_flush: 0
2022/09/18-00:45:27.539151 7fa91f4a6ac0             Options.avoid_unnecessary_blocking_io: 0
2022/09/18-00:45:27.539152 7fa91f4a6ac0                 Options.persist_stats_to_disk: 0
2022/09/18-00:45:27.539153 7fa91f4a6ac0                 Options.write_dbid_to_manifest: 0
2022/09/18-00:45:27.539153 7fa91f4a6ac0                 Options.log_readahead_size: 0
2022/09/18-00:45:27.539154 7fa91f4a6ac0                 Options.file_checksum_gen_factory: Unknown
2022/09/18-00:45:27.539155 7fa91f4a6ac0                 Options.best_efforts_recovery: 0
2022/09/18-00:45:27.539155 7fa91f4a6ac0                Options.max_bgerror_resume_count: 2147483647
2022/09/18-00:45:27.539156 7fa91f4a6ac0            Options.bgerror_resume_retry_interval: 1000000
2022/09/18-00:45:27.539156 7fa91f4a6ac0             Options.allow_data_in_errors: 0
2022/09/18-00:45:27.539157 7fa91f4a6ac0             Options.db_host_id: __hostname__
2022/09/18-00:45:27.539158 7fa91f4a6ac0             Options.max_background_jobs: 2
2022/09/18-00:45:27.539158 7fa91f4a6ac0             Options.max_background_compactions: -1
2022/09/18-00:45:27.539159 7fa91f4a6ac0             Options.max_subcompactions: 1
2022/09/18-00:45:27.539159 7fa91f4a6ac0             Options.avoid_flush_during_shutdown: 0
2022/09/18-00:45:27.539160 7fa91f4a6ac0           Options.writable_file_max_buffer_size: 1048576
2022/09/18-00:45:27.539161 7fa91f4a6ac0             Options.delayed_write_rate : 16777216
2022/09/18-00:45:27.539161 7fa91f4a6ac0             Options.max_total_wal_size: 0
2022/09/18-00:45:27.539162 7fa91f4a6ac0             Options.delete_obsolete_files_period_micros: 21600000000
2022/09/18-00:45:27.539163 7fa91f4a6ac0                   Options.stats_dump_period_sec: 600
2022/09/18-00:45:27.539163 7fa91f4a6ac0                 Options.stats_persist_period_sec: 600
2022/09/18-00:45:27.539164 7fa91f4a6ac0                 Options.stats_history_buffer_size: 1048576
2022/09/18-00:45:27.539164 7fa91f4a6ac0                          Options.max_open_files: -1
2022/09/18-00:45:27.539165 7fa91f4a6ac0                          Options.bytes_per_sync: 0
2022/09/18-00:45:27.539166 7fa91f4a6ac0                      Options.wal_bytes_per_sync: 0
2022/09/18-00:45:27.539189 7fa91f4a6ac0                   Options.strict_bytes_per_sync: 0
2022/09/18-00:45:27.539191 7fa91f4a6ac0       Options.compaction_readahead_size: 0
2022/09/18-00:45:27.539192 7fa91f4a6ac0                  Options.max_background_flushes: -1
2022/09/18-00:45:27.539192 7fa91f4a6ac0 Compression algorithms supported:
2022/09/18-00:45:27.539194 7fa91f4a6ac0 	kZSTDNotFinalCompression supported: 1
2022/09/18-00:45:27.539195 7fa91f4a6ac0 	kZSTD supported: 1
2022/09/18-00:45:27.539196 7fa91f4a6ac0 	kXpressCompression supported: 0
2022/09/18-00:45:27.539196 7fa91f4a6ac0 	kLZ4HCCompression supported: 1
2022/09/18-00:45:27.539197 7fa91f4a6ac0 	kLZ4Compression supported: 1
2022/09/18-00:45:27.539198 7fa91f4a6ac0 	kBZip2Compression supported: 1
2022/09/18-00:45:27.539198 7fa91f4a6ac0 	kZlibCompression supported: 1
2022/09/18-00:45:27.539199 7fa91f4a6ac0 	kSnappyCompression supported: 1
2022/09/18-00:45:27.539202 7fa91f4a6ac0 Fast CRC32 supported: Supported on x86
2022/09/18-00:45:27.539373 7fa91f4a6ac0 [db/version_set.cc:4758] Recovering from manifest file: /home/patrick/InternetComputer/Hyperspace1/v0/PersonalNFTGallery/.dfx/state/replicated_state/node-100/ic_consensus_pool/certification/MANIFEST-000162
2022/09/18-00:45:27.539438 7fa91f4a6ac0 [db/column_family.cc:595] --------------- Options for column family [default]:
2022/09/18-00:45:27.539440 7fa91f4a6ac0               Options.comparator: leveldb.BytewiseComparator
2022/09/18-00:45:27.539441 7fa91f4a6ac0           Options.merge_operator: None
2022/09/18-00:45:27.539442 7fa91f4a6ac0        Options.compaction_filter: None
2022/09/18-00:45:27.539442 7fa91f4a6ac0        Options.compaction_filter_factory: None
2022/09/18-00:45:27.539443 7fa91f4a6ac0  Options.sst_partitioner_factory: None
2022/09/18-00:45:27.539444 7fa91f4a6ac0         Options.memtable_factory: SkipListFactory
2022/09/18-00:45:27.539444 7fa91f4a6ac0            Options.table_factory: BlockBasedTable
2022/09/18-00:45:27.539458 7fa91f4a6ac0            table_factory options:   flush_block_policy_factory: FlushBlockBySizePolicyFactory (0x55a3edccdac0)
  cache_index_and_filter_blocks: 0
  cache_index_and_filter_blocks_with_high_priority: 1
  pin_l0_filter_and_index_blocks_in_cache: 0
  pin_top_level_index_and_filter: 1
  index_type: 0
  data_block_index_type: 0
  index_shortening: 1
  data_block_hash_table_util_ratio: 0.750000
  hash_index_allow_collision: 1
  checksum: 1
  no_block_cache: 0
  block_cache: 0x55a3eddb4bb0
  block_cache_name: LRUCache
  block_cache_options:
    capacity : 8388608
    num_shard_bits : 4
    strict_capacity_limit : 0
    memory_allocator : None
    high_pri_pool_ratio: 0.000
  block_cache_compressed: (nil)
  persistent_cache: (nil)
  block_size: 4096
  block_size_deviation: 10
  block_restart_interval: 16
  index_block_restart_interval: 1
  metadata_block_size: 4096
  partition_filters: 0
  use_delta_encoding: 1
  filter_policy: nullptr
  whole_key_filtering: 1
  verify_compression: 0
  read_amp_bytes_per_bit: 0
  format_version: 4
  enable_index_compression: 1
  block_align: 0
2022/09/18-00:45:27.539459 7fa91f4a6ac0        Options.write_buffer_size: 67108864
2022/09/18-00:45:27.539459 7fa91f4a6ac0  Options.max_write_buffer_number: 2
2022/09/18-00:45:27.539460 7fa91f4a6ac0          Options.compression: Snappy
2022/09/18-00:45:27.539461 7fa91f4a6ac0                  Options.bottommost_compression: Disabled
2022/09/18-00:45:27.539461 7fa91f4a6ac0       Options.prefix_extractor: nullptr
2022/09/18-00:45:27.539462 7fa91f4a6ac0   Options.memtable_insert_with_hint_prefix_extractor: nullptr
2022/09/18-00:45:27.539463 7fa91f4a6ac0             Options.num_levels: 7
2022/09/18-00:45:27.539463 7fa91f4a6ac0        Options.min_write_buffer_number_to_merge: 1
2022/09/18-00:45:27.539464 7fa91f4a6ac0     Options.max_write_buffer_number_to_maintain: 0
2022/09/18-00:45:27.539465 7fa91f4a6ac0     Options.max_write_buffer_size_to_maintain: 0
2022/09/18-00:45:27.539465 7fa91f4a6ac0            Options.bottommost_compression_opts.window_bits: -14
2022/09/18-00:45:27.539466 7fa91f4a6ac0                  Options.bottommost_compression_opts.level: 32767
2022/09/18-00:45:27.539492 7fa91f4a6ac0               Options.bottommost_compression_opts.strategy: 0
2022/09/18-00:45:27.539494 7fa91f4a6ac0         Options.bottommost_compression_opts.max_dict_bytes: 0
2022/09/18-00:45:27.539494 7fa91f4a6ac0         Options.bottommost_compression_opts.zstd_max_train_bytes: 0
2022/09/18-00:45:27.539495 7fa91f4a6ac0         Options.bottommost_compression_opts.parallel_threads: 1
2022/09/18-00:45:27.539496 7fa91f4a6ac0                  Options.bottommost_compression_opts.enabled: false
2022/09/18-00:45:27.539496 7fa91f4a6ac0            Options.compression_opts.window_bits: -14
2022/09/18-00:45:27.539497 7fa91f4a6ac0                  Options.compression_opts.level: 32767
2022/09/18-00:45:27.539497 7fa91f4a6ac0               Options.compression_opts.strategy: 0
2022/09/18-00:45:27.539498 7fa91f4a6ac0         Options.compression_opts.max_dict_bytes: 0
2022/09/18-00:45:27.539499 7fa91f4a6ac0         Options.compression_opts.zstd_max_train_bytes: 0
2022/09/18-00:45:27.539499 7fa91f4a6ac0         Options.compression_opts.parallel_threads: 1
2022/09/18-00:45:27.539500 7fa91f4a6ac0                  Options.compression_opts.enabled: false
2022/09/18-00:45:27.539501 7fa91f4a6ac0      Options.level0_file_num_compaction_trigger: 4
2022/09/18-00:45:27.539501 7fa91f4a6ac0          Options.level0_slowdown_writes_trigger: 20
2022/09/18-00:45:27.539502 7fa91f4a6ac0              Options.level0_stop_writes_trigger: 36
2022/09/18-00:45:27.539503 7fa91f4a6ac0                   Options.target_file_size_base: 67108864
2022/09/18-00:45:27.539503 7fa91f4a6ac0             Options.target_file_size_multiplier: 1
2022/09/18-00:45:27.539504 7fa91f4a6ac0                Options.max_bytes_for_level_base: 268435456
2022/09/18-00:45:27.539504 7fa91f4a6ac0 Options.level_compaction_dynamic_level_bytes: 0
2022/09/18-00:45:27.539505 7fa91f4a6ac0          Options.max_bytes_for_level_multiplier: 10.000000
2022/09/18-00:45:27.539507 7fa91f4a6ac0 Options.max_bytes_for_level_multiplier_addtl[0]: 1
2022/09/18-00:45:27.539508 7fa91f4a6ac0 Options.max_bytes_for_level_multiplier_addtl[1]: 1
2022/09/18-00:45:27.539509 7fa91f4a6ac0 Options.max_bytes_for_level_multiplier_addtl[2]: 1
2022/09/18-00:45:27.539509 7fa91f4a6ac0 Options.max_bytes_for_level_multiplier_addtl[3]: 1
2022/09/18-00:45:27.539510 7fa91f4a6ac0 Options.max_bytes_for_level_multiplier_addtl[4]: 1
2022/09/18-00:45:27.539511 7fa91f4a6ac0 Options.max_bytes_for_level_multiplier_addtl[5]: 1
2022/09/18-00:45:27.539511 7fa91f4a6ac0 Options.max_bytes_for_level_multiplier_addtl[6]: 1
2022/09/18-00:45:27.539512 7fa91f4a6ac0       Options.max_sequential_skip_in_iterations: 8
2022/09/18-00:45:27.539513 7fa91f4a6ac0                    Options.max_compaction_bytes: 1677721600
2022/09/18-00:45:27.539513 7fa91f4a6ac0                        Options.arena_block_size: 8388608
2022/09/18-00:45:27.539514 7fa91f4a6ac0   Options.soft_pending_compaction_bytes_limit: 68719476736
2022/09/18-00:45:27.539514 7fa91f4a6ac0   Options.hard_pending_compaction_bytes_limit: 274877906944
2022/09/18-00:45:27.539515 7fa91f4a6ac0       Options.rate_limit_delay_max_milliseconds: 100
2022/09/18-00:45:27.539516 7fa91f4a6ac0                Options.disable_auto_compactions: 0
2022/09/18-00:45:27.539517 7fa91f4a6ac0                        Options.compaction_style: kCompactionStyleLevel
2022/09/18-00:45:27.539518 7fa91f4a6ac0                          Options.compaction_pri: kMinOverlappingRatio
2022/09/18-00:45:27.539519 7fa91f4a6ac0 Options.compaction_options_universal.size_ratio: 1
2022/09/18-00:45:27.539519 7fa91f4a6ac0 Options.compaction_options_universal.min_merge_width: 2
2022/09/18-00:45:27.539520 7fa91f4a6ac0 Options.compaction_options_universal.max_merge_width: 4294967295
2022/09/18-00:45:27.539521 7fa91f4a6ac0 Options.compaction_options_universal.max_size_amplification_percent: 200
2022/09/18-00:45:27.539521 7fa91f4a6ac0 Options.compaction_options_universal.compression_size_percent: -1
2022/09/18-00:45:27.539522 7fa91f4a6ac0 Options.compaction_options_universal.stop_style: kCompactionStopStyleTotalSize
2022/09/18-00:45:27.539547 7fa91f4a6ac0 Options.compaction_options_fifo.max_table_files_size: 1073741824
2022/09/18-00:45:27.539549 7fa91f4a6ac0 Options.compaction_options_fifo.allow_compaction: 0
2022/09/18-00:45:27.539555 7fa91f4a6ac0                   Options.table_properties_collectors: 
2022/09/18-00:45:27.539555 7fa91f4a6ac0                   Options.inplace_update_support: 0
2022/09/18-00:45:27.539556 7fa91f4a6ac0                 Options.inplace_update_num_locks: 10000
2022/09/18-00:45:27.539557 7fa91f4a6ac0               Options.memtable_prefix_bloom_size_ratio: 0.000000
2022/09/18-00:45:27.539558 7fa91f4a6ac0               Options.memtable_whole_key_filtering: 0
2022/09/18-00:45:27.539558 7fa91f4a6ac0   Options.memtable_huge_page_size: 0
2022/09/18-00:45:27.539559 7fa91f4a6ac0                           Options.bloom_locality: 0
2022/09/18-00:45:27.539560 7fa91f4a6ac0                    Options.max_successive_merges: 0
2022/09/18-00:45:27.539560 7fa91f4a6ac0                Options.optimize_filters_for_hits: 0
2022/09/18-00:45:27.539561 7fa91f4a6ac0                Options.paranoid_file_checks: 0
2022/09/18-00:45:27.539562 7fa91f4a6ac0                Options.force_consistency_checks: 1
2022/09/18-00:45:27.539562 7fa91f4a6ac0                Options.report_bg_io_stats: 0
2022/09/18-00:45:27.539563 7fa91f4a6ac0                               Options.ttl: 2592000
2022/09/18-00:45:27.539563 7fa91f4a6ac0          Options.periodic_compaction_seconds: 0
2022/09/18-00:45:27.539564 7fa91f4a6ac0                    Options.enable_blob_files: false
2022/09/18-00:45:27.539565 7fa91f4a6ac0                        Options.min_blob_size: 0
2022/09/18-00:45:27.539565 7fa91f4a6ac0                       Options.blob_file_size: 268435456
2022/09/18-00:45:27.539566 7fa91f4a6ac0                Options.blob_compression_type: NoCompression
2022/09/18-00:45:27.539567 7fa91f4a6ac0       Options.enable_blob_garbage_collection: false
2022/09/18-00:45:27.539567 7fa91f4a6ac0   Options.blob_garbage_collection_age_cutoff: 0.250000
2022/09/18-00:45:27.539613 7fa91f4a6ac0 [db/column_family.cc:595] --------------- Options for column family [CE]:
2022/09/18-00:45:27.539615 7fa91f4a6ac0               Options.comparator: leveldb.BytewiseComparator
2022/09/18-00:45:27.539616 7fa91f4a6ac0           Options.merge_operator: None
2022/09/18-00:45:27.539617 7fa91f4a6ac0        Options.compaction_filter: filter_outdated
2022/09/18-00:45:27.539618 7fa91f4a6ac0        Options.compaction_filter_factory: None
2022/09/18-00:45:27.539618 7fa91f4a6ac0  Options.sst_partitioner_factory: None
2022/09/18-00:45:27.539619 7fa91f4a6ac0         Options.memtable_factory: SkipListFactory
2022/09/18-00:45:27.539619 7fa91f4a6ac0            Options.table_factory: BlockBasedTable
2022/09/18-00:45:27.539630 7fa91f4a6ac0            table_factory options:   flush_block_policy_factory: FlushBlockBySizePolicyFactory (0x55a3eddcbeb0)
  cache_index_and_filter_blocks: 0
  cache_index_and_filter_blocks_with_high_priority: 1
  pin_l0_filter_and_index_blocks_in_cache: 0
  pin_top_level_index_and_filter: 1
  index_type: 0
  data_block_index_type: 0
  index_shortening: 1
  data_block_hash_table_util_ratio: 0.750000
  hash_index_allow_collision: 1
  checksum: 1
  no_block_cache: 0
  block_cache: 0x55a3edcd69d0
  block_cache_name: LRUCache
  block_cache_options:
    capacity : 8388608
    num_shard_bits : 4
    strict_capacity_limit : 0
    memory_allocator : None
    high_pri_pool_ratio: 0.000
  block_cache_compressed: (nil)
  persistent_cache: (nil)
  block_size: 4096
  block_size_deviation: 10
  block_restart_interval: 16
  index_block_restart_interval: 1
  metadata_block_size: 4096
  partition_filters: 0
  use_delta_encoding: 1
  filter_policy: nullptr
  whole_key_filtering: 1
  verify_compression: 0
  read_amp_bytes_per_bit: 0
  format_version: 4
  enable_index_compression: 1
  block_align: 0
2022/09/18-00:45:27.539631 7fa91f4a6ac0        Options.write_buffer_size: 67108864
2022/09/18-00:45:27.539631 7fa91f4a6ac0  Options.max_write_buffer_number: 2
2022/09/18-00:45:27.539657 7fa91f4a6ac0          Options.compression: NoCompression
2022/09/18-00:45:27.539659 7fa91f4a6ac0                  Options.bottommost_compression: Disabled
2022/09/18-00:45:27.539660 7fa91f4a6ac0       Options.prefix_extractor: nullptr
2022/09/18-00:45:27.539660 7fa91f4a6ac0   Options.memtable_insert_with_hint_prefix_extractor: nullptr
2022/09/18-00:45:27.539661 7fa91f4a6ac0             Options.num_levels: 7
2022/09/18-00:45:27.539662 7fa91f4a6ac0        Options.min_write_buffer_number_to_merge: 1
2022/09/18-00:45:27.539662 7fa91f4a6ac0     Options.max_write_buffer_number_to_maintain: 0
2022/09/18-00:45:27.539663 7fa91f4a6ac0     Options.max_write_buffer_size_to_maintain: 0
2022/09/18-00:45:27.539664 7fa91f4a6ac0            Options.bottommost_compression_opts.window_bits: -14
2022/09/18-00:45:27.539664 7fa91f4a6ac0                  Options.bottommost_compression_opts.level: 32767
2022/09/18-00:45:27.539665 7fa91f4a6ac0               Options.bottommost_compression_opts.strategy: 0
2022/09/18-00:45:27.539666 7fa91f4a6ac0         Options.bottommost_compression_opts.max_dict_bytes: 0
2022/09/18-00:45:27.539666 7fa91f4a6ac0         Options.bottommost_compression_opts.zstd_max_train_bytes: 0
2022/09/18-00:45:27.539667 7fa91f4a6ac0         Options.bottommost_compression_opts.parallel_threads: 1
2022/09/18-00:45:27.539668 7fa91f4a6ac0                  Options.bottommost_compression_opts.enabled: false
2022/09/18-00:45:27.539668 7fa91f4a6ac0            Options.compression_opts.window_bits: -14
2022/09/18-00:45:27.539669 7fa91f4a6ac0                  Options.compression_opts.level: 32767
2022/09/18-00:45:27.539669 7fa91f4a6ac0               Options.compression_opts.strategy: 0
2022/09/18-00:45:27.539670 7fa91f4a6ac0         Options.compression_opts.max_dict_bytes: 0
2022/09/18-00:45:27.539671 7fa91f4a6ac0         Options.compression_opts.zstd_max_train_bytes: 0
2022/09/18-00:45:27.539671 7fa91f4a6ac0         Options.compression_opts.parallel_threads: 1
2022/09/18-00:45:27.539672 7fa91f4a6ac0                  Options.compression_opts.enabled: false
2022/09/18-00:45:27.539672 7fa91f4a6ac0      Options.level0_file_num_compaction_trigger: 4
2022/09/18-00:45:27.539673 7fa91f4a6ac0          Options.level0_slowdown_writes_trigger: 20
2022/09/18-00:45:27.539674 7fa91f4a6ac0              Options.level0_stop_writes_trigger: 36
2022/09/18-00:45:27.539674 7fa91f4a6ac0                   Options.target_file_size_base: 67108864
2022/09/18-00:45:27.539675 7fa91f4a6ac0             Options.target_file_size_multiplier: 1
2022/09/18-00:45:27.539675 7fa91f4a6ac0                Options.max_bytes_for_level_base: 268435456
2022/09/18-00:45:27.539676 7fa91f4a6ac0 Options.level_compaction_dynamic_level_bytes: 0
2022/09/18-00:45:27.539677 7fa91f4a6ac0          Options.max_bytes_for_level_multiplier: 10.000000
2022/09/18-00:45:27.539678 7fa91f4a6ac0 Options.max_bytes_for_level_multiplier_addtl[0]: 1
2022/09/18-00:45:27.539679 7fa91f4a6ac0 Options.max_bytes_for_level_multiplier_addtl[1]: 1
2022/09/18-00:45:27.539679 7fa91f4a6ac0 Options.max_bytes_for_level_multiplier_addtl[2]: 1
2022/09/18-00:45:27.539680 7fa91f4a6ac0 Options.max_bytes_for_level_multiplier_addtl[3]: 1
2022/09/18-00:45:27.539681 7fa91f4a6ac0 Options.max_bytes_for_level_multiplier_addtl[4]: 1
2022/09/18-00:45:27.539681 7fa91f4a6ac0 Options.max_bytes_for_level_multiplier_addtl[5]: 1
2022/09/18-00:45:27.539682 7fa91f4a6ac0 Options.max_bytes_for_level_multiplier_addtl[6]: 1
2022/09/18-00:45:27.539682 7fa91f4a6ac0       Options.max_sequential_skip_in_iterations: 8
2022/09/18-00:45:27.539683 7fa91f4a6ac0                    Options.max_compaction_bytes: 1677721600
2022/09/18-00:45:27.539684 7fa91f4a6ac0                        Options.arena_block_size: 8388608
2022/09/18-00:45:27.539684 7fa91f4a6ac0   Options.soft_pending_compaction_bytes_limit: 68719476736
2022/09/18-00:45:27.539685 7fa91f4a6ac0   Options.hard_pending_compaction_bytes_limit: 274877906944
2022/09/18-00:45:27.539685 7fa91f4a6ac0       Options.rate_limit_delay_max_milliseconds: 100
2022/09/18-00:45:27.539708 7fa91f4a6ac0                Options.disable_auto_compactions: 1
2022/09/18-00:45:27.539710 7fa91f4a6ac0                        Options.compaction_style: kCompactionStyleLevel
2022/09/18-00:45:27.539711 7fa91f4a6ac0                          Options.compaction_pri: kMinOverlappingRatio
2022/09/18-00:45:27.539712 7fa91f4a6ac0 Options.compaction_options_universal.size_ratio: 1
2022/09/18-00:45:27.539712 7fa91f4a6ac0 Options.compaction_options_universal.min_merge_width: 2
2022/09/18-00:45:27.539713 7fa91f4a6ac0 Options.compaction_options_universal.max_merge_width: 4294967295
2022/09/18-00:45:27.539714 7fa91f4a6ac0 Options.compaction_options_universal.max_size_amplification_percent: 200
2022/09/18-00:45:27.539714 7fa91f4a6ac0 Options.compaction_options_universal.compression_size_percent: -1
2022/09/18-00:45:27.539715 7fa91f4a6ac0 Options.compaction_options_universal.stop_style: kCompactionStopStyleTotalSize
2022/09/18-00:45:27.539715 7fa91f4a6ac0 Options.compaction_options_fifo.max_table_files_size: 1073741824
2022/09/18-00:45:27.539716 7fa91f4a6ac0 Options.compaction_options_fifo.allow_compaction: 0
2022/09/18-00:45:27.539718 7fa91f4a6ac0                   Options.table_properties_collectors: 
2022/09/18-00:45:27.539718 7fa91f4a6ac0                   Options.inplace_update_support: 0
2022/09/18-00:45:27.539719 7fa91f4a6ac0                 Options.inplace_update_num_locks: 10000
2022/09/18-00:45:27.539720 7fa91f4a6ac0               Options.memtable_prefix_bloom_size_ratio: 0.000000
2022/09/18-00:45:27.539721 7fa91f4a6ac0               Options.memtable_whole_key_filtering: 0
2022/09/18-00:45:27.539722 7fa91f4a6ac0   Options.memtable_huge_page_size: 0
2022/09/18-00:45:27.539722 7fa91f4a6ac0                           Options.bloom_locality: 0
2022/09/18-00:45:27.539723 7fa91f4a6ac0                    Options.max_successive_merges: 0
2022/09/18-00:45:27.539723 7fa91f4a6ac0                Options.optimize_filters_for_hits: 0
2022/09/18-00:45:27.539724 7fa91f4a6ac0                Options.paranoid_file_checks: 0
2022/09/18-00:45:27.539724 7fa91f4a6ac0                Options.force_consistency_checks: 1
2022/09/18-00:45:27.539725 7fa91f4a6ac0                Options.report_bg_io_stats: 0
2022/09/18-00:45:27.539726 7fa91f4a6ac0                               Options.ttl: 2592000
2022/09/18-00:45:27.539726 7fa91f4a6ac0          Options.periodic_compaction_seconds: 2592000
2022/09/18-00:45:27.539727 7fa91f4a6ac0                    Options.enable_blob_files: false
2022/09/18-00:45:27.539727 7fa91f4a6ac0                        Options.min_blob_size: 0
2022/09/18-00:45:27.539728 7fa91f4a6ac0                       Options.blob_file_size: 268435456
2022/09/18-00:45:27.539729 7fa91f4a6ac0                Options.blob_compression_type: NoCompression
2022/09/18-00:45:27.539729 7fa91f4a6ac0       Options.enable_blob_garbage_collection: false
2022/09/18-00:45:27.539730 7fa91f4a6ac0   Options.blob_garbage_collection_age_cutoff: 0.250000
2022/09/18-00:45:27.539749 7fa91f4a6ac0 [db/column_family.cc:595] --------------- Options for column family [CES]:
2022/09/18-00:45:27.539750 7fa91f4a6ac0               Options.comparator: leveldb.BytewiseComparator
2022/09/18-00:45:27.539750 7fa91f4a6ac0           Options.merge_operator: None
2022/09/18-00:45:27.539751 7fa91f4a6ac0        Options.compaction_filter: filter_outdated
2022/09/18-00:45:27.539752 7fa91f4a6ac0        Options.compaction_filter_factory: None
2022/09/18-00:45:27.539753 7fa91f4a6ac0  Options.sst_partitioner_factory: None
2022/09/18-00:45:27.539753 7fa91f4a6ac0         Options.memtable_factory: SkipListFactory
2022/09/18-00:45:27.539754 7fa91f4a6ac0            Options.table_factory: BlockBasedTable
2022/09/18-00:45:27.539763 7fa91f4a6ac0            table_factory options:   flush_block_policy_factory: FlushBlockBySizePolicyFactory (0x55a3eddc95d0)
  cache_index_and_filter_blocks: 0
  cache_index_and_filter_blocks_with_high_priority: 1
  pin_l0_filter_and_index_blocks_in_cache: 0
  pin_top_level_index_and_filter: 1
  index_type: 0
  data_block_index_type: 0
  index_shortening: 1
  data_block_hash_table_util_ratio: 0.750000
  hash_index_allow_collision: 1
  checksum: 1
  no_block_cache: 0
  block_cache: 0x55a3edccd890
  block_cache_name: LRUCache
  block_cache_options:
    capacity : 8388608
    num_shard_bits : 4
    strict_capacity_limit : 0
    memory_allocator : None
    high_pri_pool_ratio: 0.000
  block_cache_compressed: (nil)
  persistent_cache: (nil)
  block_size: 4096
  block_size_deviation: 10
  block_restart_interval: 16
  index_block_restart_interval: 1
  metadata_block_size: 4096
  partition_filters: 0
  use_delta_encoding: 1
  filter_policy: nullptr
  whole_key_filtering: 1
  verify_compression: 0
  read_amp_bytes_per_bit: 0
  format_version: 4
  enable_index_compression: 1
  block_align: 0
2022/09/18-00:45:27.539788 7fa91f4a6ac0        Options.write_buffer_size: 67108864
2022/09/18-00:45:27.539790 7fa91f4a6ac0  Options.max_write_buffer_number: 2
2022/09/18-00:45:27.539791 7fa91f4a6ac0          Options.compression: NoCompression
2022/09/18-00:45:27.539792 7fa91f4a6ac0                  Options.bottommost_compression: Disabled
2022/09/18-00:45:27.539792 7fa91f4a6ac0       Options.prefix_extractor: nullptr
2022/09/18-00:45:27.539793 7fa91f4a6ac0   Options.memtable_insert_with_hint_prefix_extractor: nullptr
2022/09/18-00:45:27.539794 7fa91f4a6ac0             Options.num_levels: 7
2022/09/18-00:45:27.539794 7fa91f4a6ac0        Options.min_write_buffer_number_to_merge: 1
2022/09/18-00:45:27.539795 7fa91f4a6ac0     Options.max_write_buffer_number_to_maintain: 0
2022/09/18-00:45:27.539795 7fa91f4a6ac0     Options.max_write_buffer_size_to_maintain: 0
2022/09/18-00:45:27.539796 7fa91f4a6ac0            Options.bottommost_compression_opts.window_bits: -14
2022/09/18-00:45:27.539797 7fa91f4a6ac0                  Options.bottommost_compression_opts.level: 32767
2022/09/18-00:45:27.539797 7fa91f4a6ac0               Options.bottommost_compression_opts.strategy: 0
2022/09/18-00:45:27.539798 7fa91f4a6ac0         Options.bottommost_compression_opts.max_dict_bytes: 0
2022/09/18-00:45:27.539799 7fa91f4a6ac0         Options.bottommost_compression_opts.zstd_max_train_bytes: 0
2022/09/18-00:45:27.539799 7fa91f4a6ac0         Options.bottommost_compression_opts.parallel_threads: 1
2022/09/18-00:45:27.539800 7fa91f4a6ac0                  Options.bottommost_compression_opts.enabled: false
2022/09/18-00:45:27.539801 7fa91f4a6ac0            Options.compression_opts.window_bits: -14
2022/09/18-00:45:27.539801 7fa91f4a6ac0                  Options.compression_opts.level: 32767
2022/09/18-00:45:27.539802 7fa91f4a6ac0               Options.compression_opts.strategy: 0
2022/09/18-00:45:27.539802 7fa91f4a6ac0         Options.compression_opts.max_dict_bytes: 0
2022/09/18-00:45:27.539803 7fa91f4a6ac0         Options.compression_opts.zstd_max_train_bytes: 0
2022/09/18-00:45:27.539804 7fa91f4a6ac0         Options.compression_opts.parallel_threads: 1
2022/09/18-00:45:27.539804 7fa91f4a6ac0                  Options.compression_opts.enabled: false
2022/09/18-00:45:27.539805 7fa91f4a6ac0      Options.level0_file_num_compaction_trigger: 4
2022/09/18-00:45:27.539805 7fa91f4a6ac0          Options.level0_slowdown_writes_trigger: 20
2022/09/18-00:45:27.539806 7fa91f4a6ac0              Options.level0_stop_writes_trigger: 36
2022/09/18-00:45:27.539807 7fa91f4a6ac0                   Options.target_file_size_base: 67108864
2022/09/18-00:45:27.539807 7fa91f4a6ac0             Options.target_file_size_multiplier: 1
2022/09/18-00:45:27.539808 7fa91f4a6ac0                Options.max_bytes_for_level_base: 268435456
2022/09/18-00:45:27.539809 7fa91f4a6ac0 Options.level_compaction_dynamic_level_bytes: 0
2022/09/18-00:45:27.539809 7fa91f4a6ac0          Options.max_bytes_for_level_multiplier: 10.000000
2022/09/18-00:45:27.539811 7fa91f4a6ac0 Options.max_bytes_for_level_multiplier_addtl[0]: 1
2022/09/18-00:45:27.539812 7fa91f4a6ac0 Options.max_bytes_for_level_multiplier_addtl[1]: 1
2022/09/18-00:45:27.539812 7fa91f4a6ac0 Options.max_bytes_for_level_multiplier_addtl[2]: 1
2022/09/18-00:45:27.539813 7fa91f4a6ac0 Options.max_bytes_for_level_multiplier_addtl[3]: 1
2022/09/18-00:45:27.539836 7fa91f4a6ac0 Options.max_bytes_for_level_multiplier_addtl[4]: 1
2022/09/18-00:45:27.539838 7fa91f4a6ac0 Options.max_bytes_for_level_multiplier_addtl[5]: 1
2022/09/18-00:45:27.539838 7fa91f4a6ac0 Options.max_bytes_for_level_multiplier_addtl[6]: 1
2022/09/18-00:45:27.539839 7fa91f4a6ac0       Options.max_sequential_skip_in_iterations: 8
2022/09/18-00:45:27.539839 7fa91f4a6ac0                    Options.max_compaction_bytes: 1677721600
2022/09/18-00:45:27.539840 7fa91f4a6ac0                        Options.arena_block_size: 8388608
2022/09/18-00:45:27.539841 7fa91f4a6ac0   Options.soft_pending_compaction_bytes_limit: 68719476736
2022/09/18-00:45:27.539841 7fa91f4a6ac0   Options.hard_pending_compaction_bytes_limit: 274877906944
2022/09/18-00:45:27.539842 7fa91f4a6ac0       Options.rate_limit_delay_max_milliseconds: 100
2022/09/18-00:45:27.539843 7fa91f4a6ac0                Options.disable_auto_compactions: 1
2022/09/18-00:45:27.539844 7fa91f4a6ac0                        Options.compaction_style: kCompactionStyleLevel
2022/09/18-00:45:27.539844 7fa91f4a6ac0                          Options.compaction_pri: kMinOverlappingRatio
2022/09/18-00:45:27.539845 7fa91f4a6ac0 Options.compaction_options_universal.size_ratio: 1
2022/09/18-00:45:27.539846 7fa91f4a6ac0 Options.compaction_options_universal.min_merge_width: 2
2022/09/18-00:45:27.539846 7fa91f4a6ac0 Options.compaction_options_universal.max_merge_width: 4294967295
2022/09/18-00:45:27.539847 7fa91f4a6ac0 Options.compaction_options_universal.max_size_amplification_percent: 200
2022/09/18-00:45:27.539847 7fa91f4a6ac0 Options.compaction_options_universal.compression_size_percent: -1
2022/09/18-00:45:27.539848 7fa91f4a6ac0 Options.compaction_options_universal.stop_style: kCompactionStopStyleTotalSize
2022/09/18-00:45:27.539849 7fa91f4a6ac0 Options.compaction_options_fifo.max_table_files_size: 1073741824
2022/09/18-00:45:27.539850 7fa91f4a6ac0 Options.compaction_options_fifo.allow_compaction: 0
2022/09/18-00:45:27.539851 7fa91f4a6ac0                   Options.table_properties_collectors: 
2022/09/18-00:45:27.539852 7fa91f4a6ac0                   Options.inplace_update_support: 0
2022/09/18-00:45:27.539853 7fa91f4a6ac0                 Options.inplace_update_num_locks: 10000
2022/09/18-00:45:27.539853 7fa91f4a6ac0               Options.memtable_prefix_bloom_size_ratio: 0.000000
2022/09/18-00:45:27.539854 7fa91f4a6ac0               Options.memtable_whole_key_filtering: 0
2022/09/18-00:45:27.539855 7fa91f4a6ac0   Options.memtable_huge_page_size: 0
2022/09/18-00:45:27.539856 7fa91f4a6ac0                           Options.bloom_locality: 0
2022/09/18-00:45:27.539856 7fa91f4a6ac0                    Options.max_successive_merges: 0
2022/09/18-00:45:27.539857 7fa91f4a6ac0                Options.optimize_filters_for_hits: 0
2022/09/18-00:45:27.539857 7fa91f4a6ac0                Options.paranoid_file_checks: 0
2022/09/18-00:45:27.539858 7fa91f4a6ac0                Options.force_consistency_checks: 1
2022/09/18-00:45:27.539858 7fa91f4a6ac0                Options.report_bg_io_stats: 0
2022/09/18-00:45:27.539859 7fa91f4a6ac0                               Options.ttl: 2592000
2022/09/18-00:45:27.539860 7fa91f4a6ac0          Options.periodic_compaction_seconds: 2592000
2022/09/18-00:45:27.539860 7fa91f4a6ac0                    Options.enable_blob_files: false
2022/09/18-00:45:27.539861 7fa91f4a6ac0                        Options.min_blob_size: 0
2022/09/18-00:45:27.539861 7fa91f4a6ac0                       Options.blob_file_size: 268435456
2022/09/18-00:45:27.539862 7fa91f4a6ac0                Options.blob_compression_type: NoCompression
2022/09/18-00:45:27.539863 7fa91f4a6ac0       Options.enable_blob_garbage_collection: false
2022/09/18-00:45:27.539863 7fa91f4a6ac0   Options.blob_garbage_collection_age_cutoff: 0.250000
2022/09/18-00:45:27.548792 7fa91f4a6ac0 [db/version_set.cc:4798] Recovered from manifest file:/home/patrick/InternetComputer/Hyperspace1/v0/PersonalNFTGallery/.dfx/state/replicated_state/node-100/ic_consensus_pool/certification/MANIFEST-000162 succeeded,manifest_file_number is 162, next_file_number is 164, last_sequence is 131034, log_number is 156,prev_log_number is 0,max_column_family is 2,min_log_number_to_keep is 0
2022/09/18-00:45:27.548850 7fa91f4a6ac0 [db/version_set.cc:4813] Column family [default] (ID 0), log number is 156
2022/09/18-00:45:27.548854 7fa91f4a6ac0 [db/version_set.cc:4813] Column family [CE] (ID 1), log number is 156
2022/09/18-00:45:27.548857 7fa91f4a6ac0 [db/version_set.cc:4813] Column family [CES] (ID 2), log number is 156
2022/09/18-00:45:27.549204 7fa91f4a6ac0 [db/version_set.cc:4112] Creating manifest 166
2022/09/18-00:45:27.564846 7fa91f4a6ac0 EVENT_LOG_v1 {"time_micros": 1663476327564838, "job": 1, "event": "recovery_started", "wal_files": [163]}
2022/09/18-00:45:27.564856 7fa91f4a6ac0 [db/db_impl/db_impl_open.cc:847] Recovering log #163 mode 2
2022/09/18-00:45:27.597956 7fa91f4a6ac0 EVENT_LOG_v1 {"time_micros": 1663476327597902, "cf_name": "CE", "job": 1, "event": "table_file_creation", "file_number": 167, "file_size": 478411, "file_checksum": "", "file_checksum_func_name": "Unknown", "table_properties": {"data_size": 475297, "index_size": 2258, "index_partitions": 0, "top_level_index_size": 0, "index_key_is_user_key": 1, "index_value_is_delta_encoded": 1, "filter_size": 0, "raw_key_size": 112080, "raw_average_key_size": 48, "raw_value_size": 366595, "raw_average_value_size": 157, "num_data_blocks": 117, "num_entries": 2335, "num_deletions": 0, "num_merge_operands": 0, "num_range_deletions": 0, "format_version": 0, "fixed_key_len": 0, "filter_policy": "", "column_family_name": "CE", "column_family_id": 1, "comparator": "leveldb.BytewiseComparator", "merge_operator": "nullptr", "prefix_extractor_name": "nullptr", "property_collectors": "[]", "compression": "NoCompression", "compression_options": "window_bits=-14; level=32767; strategy=0; max_dict_bytes=0; zstd_max_train_bytes=0; enabled=0; ", "creation_time": 1663476327, "oldest_key_time": 0, "file_creation_time": 0, "db_id": "99a1e131-efea-4a0e-bb33-6ed4f1a22c53", "db_session_id": "4FB45XPC6IVPTQW1Z94M"}}
