2022/07/11-21:20:47.402054 7fc3d067ec80 RocksDB version: 6.17.0
2022/07/11-21:20:47.402213 7fc3d067ec80 Git sha 0
2022/07/11-21:20:47.402364 7fc3d067ec80 DB SUMMARY
2022/07/11-21:20:47.402370 7fc3d067ec80 DB Session ID:  HEG74TKAF0CGQJ60GEYK
2022/07/11-21:20:47.402433 7fc3d067ec80 CURRENT file:  CURRENT
2022/07/11-21:20:47.402436 7fc3d067ec80 IDENTITY file:  IDENTITY
2022/07/11-21:20:47.402442 7fc3d067ec80 MANIFEST file:  MANIFEST-000125 size: 6246 Bytes
2022/07/11-21:20:47.402446 7fc3d067ec80 SST files in /home/patrick/InternetComputer/Hyperspace1/v0/NewWaveV0/0.0.2/.dfx/state/replicated_state/node-100/ic_consensus_pool/consensus dir, Total Num: 12, files: 000129.sst 000130.sst 000131.sst 000132.sst 000133.sst 000134.sst 000135.sst 000136.sst 000137.sst 
2022/07/11-21:20:47.402448 7fc3d067ec80 Write Ahead Log file in /home/patrick/InternetComputer/Hyperspace1/v0/NewWaveV0/0.0.2/.dfx/state/replicated_state/node-100/ic_consensus_pool/consensus: 000126.log size: 15895467 ; 
2022/07/11-21:20:47.402452 7fc3d067ec80                         Options.error_if_exists: 0
2022/07/11-21:20:47.402454 7fc3d067ec80                       Options.create_if_missing: 1
2022/07/11-21:20:47.402456 7fc3d067ec80                         Options.paranoid_checks: 1
2022/07/11-21:20:47.402458 7fc3d067ec80                               Options.track_and_verify_wals_in_manifest: 0
2022/07/11-21:20:47.402460 7fc3d067ec80                                     Options.env: 0x55db3570b2e0
2022/07/11-21:20:47.402462 7fc3d067ec80                                      Options.fs: Posix File System
2022/07/11-21:20:47.402464 7fc3d067ec80                                Options.info_log: 0x55db6d473160
2022/07/11-21:20:47.402466 7fc3d067ec80                Options.max_file_opening_threads: 16
2022/07/11-21:20:47.402468 7fc3d067ec80                              Options.statistics: (nil)
2022/07/11-21:20:47.402470 7fc3d067ec80                               Options.use_fsync: 1
2022/07/11-21:20:47.402472 7fc3d067ec80                       Options.max_log_file_size: 0
2022/07/11-21:20:47.402474 7fc3d067ec80                  Options.max_manifest_file_size: 1073741824
2022/07/11-21:20:47.402476 7fc3d067ec80                   Options.log_file_time_to_roll: 0
2022/07/11-21:20:47.402478 7fc3d067ec80                       Options.keep_log_file_num: 1000
2022/07/11-21:20:47.402479 7fc3d067ec80                    Options.recycle_log_file_num: 0
2022/07/11-21:20:47.402481 7fc3d067ec80                         Options.allow_fallocate: 1
2022/07/11-21:20:47.402483 7fc3d067ec80                        Options.allow_mmap_reads: 0
2022/07/11-21:20:47.402485 7fc3d067ec80                       Options.allow_mmap_writes: 0
2022/07/11-21:20:47.402487 7fc3d067ec80                        Options.use_direct_reads: 0
2022/07/11-21:20:47.402489 7fc3d067ec80                        Options.use_direct_io_for_flush_and_compaction: 0
2022/07/11-21:20:47.402490 7fc3d067ec80          Options.create_missing_column_families: 1
2022/07/11-21:20:47.402492 7fc3d067ec80                              Options.db_log_dir: 
2022/07/11-21:20:47.402494 7fc3d067ec80                                 Options.wal_dir: /home/patrick/InternetComputer/Hyperspace1/v0/NewWaveV0/0.0.2/.dfx/state/replicated_state/node-100/ic_consensus_pool/consensus
2022/07/11-21:20:47.402496 7fc3d067ec80                Options.table_cache_numshardbits: 6
2022/07/11-21:20:47.402497 7fc3d067ec80                         Options.WAL_ttl_seconds: 0
2022/07/11-21:20:47.402499 7fc3d067ec80                       Options.WAL_size_limit_MB: 0
2022/07/11-21:20:47.402501 7fc3d067ec80                        Options.max_write_batch_group_size_bytes: 1048576
2022/07/11-21:20:47.402503 7fc3d067ec80             Options.manifest_preallocation_size: 4194304
2022/07/11-21:20:47.402505 7fc3d067ec80                     Options.is_fd_close_on_exec: 1
2022/07/11-21:20:47.402507 7fc3d067ec80                   Options.advise_random_on_open: 1
2022/07/11-21:20:47.402509 7fc3d067ec80                    Options.db_write_buffer_size: 0
2022/07/11-21:20:47.402510 7fc3d067ec80                    Options.write_buffer_manager: 0x55db6d4a2a50
2022/07/11-21:20:47.402532 7fc3d067ec80         Options.access_hint_on_compaction_start: 1
2022/07/11-21:20:47.402534 7fc3d067ec80  Options.new_table_reader_for_compaction_inputs: 0
2022/07/11-21:20:47.402536 7fc3d067ec80           Options.random_access_max_buffer_size: 1048576
2022/07/11-21:20:47.402538 7fc3d067ec80                      Options.use_adaptive_mutex: 0
2022/07/11-21:20:47.402540 7fc3d067ec80                            Options.rate_limiter: (nil)
2022/07/11-21:20:47.402542 7fc3d067ec80     Options.sst_file_manager.rate_bytes_per_sec: 0
2022/07/11-21:20:47.402544 7fc3d067ec80                       Options.wal_recovery_mode: 2
2022/07/11-21:20:47.402545 7fc3d067ec80                  Options.enable_thread_tracking: 0
2022/07/11-21:20:47.402547 7fc3d067ec80                  Options.enable_pipelined_write: 0
2022/07/11-21:20:47.402549 7fc3d067ec80                  Options.unordered_write: 0
2022/07/11-21:20:47.402551 7fc3d067ec80         Options.allow_concurrent_memtable_write: 1
2022/07/11-21:20:47.402552 7fc3d067ec80      Options.enable_write_thread_adaptive_yield: 1
2022/07/11-21:20:47.402554 7fc3d067ec80             Options.write_thread_max_yield_usec: 100
2022/07/11-21:20:47.402556 7fc3d067ec80            Options.write_thread_slow_yield_usec: 3
2022/07/11-21:20:47.402558 7fc3d067ec80                               Options.row_cache: None
2022/07/11-21:20:47.402560 7fc3d067ec80                              Options.wal_filter: None
2022/07/11-21:20:47.402562 7fc3d067ec80             Options.avoid_flush_during_recovery: 0
2022/07/11-21:20:47.402564 7fc3d067ec80             Options.allow_ingest_behind: 0
2022/07/11-21:20:47.402565 7fc3d067ec80             Options.preserve_deletes: 0
2022/07/11-21:20:47.402567 7fc3d067ec80             Options.two_write_queues: 0
2022/07/11-21:20:47.402569 7fc3d067ec80             Options.manual_wal_flush: 0
2022/07/11-21:20:47.402571 7fc3d067ec80             Options.atomic_flush: 0
2022/07/11-21:20:47.402572 7fc3d067ec80             Options.avoid_unnecessary_blocking_io: 0
2022/07/11-21:20:47.402574 7fc3d067ec80                 Options.persist_stats_to_disk: 0
2022/07/11-21:20:47.402576 7fc3d067ec80                 Options.write_dbid_to_manifest: 0
2022/07/11-21:20:47.402578 7fc3d067ec80                 Options.log_readahead_size: 0
2022/07/11-21:20:47.402580 7fc3d067ec80                 Options.file_checksum_gen_factory: Unknown
2022/07/11-21:20:47.402581 7fc3d067ec80                 Options.best_efforts_recovery: 0
2022/07/11-21:20:47.402583 7fc3d067ec80                Options.max_bgerror_resume_count: 2147483647
2022/07/11-21:20:47.402585 7fc3d067ec80            Options.bgerror_resume_retry_interval: 1000000
2022/07/11-21:20:47.402587 7fc3d067ec80             Options.allow_data_in_errors: 0
2022/07/11-21:20:47.402589 7fc3d067ec80             Options.db_host_id: __hostname__
2022/07/11-21:20:47.402591 7fc3d067ec80             Options.max_background_jobs: 2
2022/07/11-21:20:47.402592 7fc3d067ec80             Options.max_background_compactions: -1
2022/07/11-21:20:47.402594 7fc3d067ec80             Options.max_subcompactions: 1
2022/07/11-21:20:47.402596 7fc3d067ec80             Options.avoid_flush_during_shutdown: 0
2022/07/11-21:20:47.402598 7fc3d067ec80           Options.writable_file_max_buffer_size: 1048576
2022/07/11-21:20:47.402600 7fc3d067ec80             Options.delayed_write_rate : 16777216
2022/07/11-21:20:47.402602 7fc3d067ec80             Options.max_total_wal_size: 0
2022/07/11-21:20:47.402603 7fc3d067ec80             Options.delete_obsolete_files_period_micros: 21600000000
2022/07/11-21:20:47.402605 7fc3d067ec80                   Options.stats_dump_period_sec: 600
2022/07/11-21:20:47.402607 7fc3d067ec80                 Options.stats_persist_period_sec: 600
2022/07/11-21:20:47.402609 7fc3d067ec80                 Options.stats_history_buffer_size: 1048576
2022/07/11-21:20:47.402611 7fc3d067ec80                          Options.max_open_files: -1
2022/07/11-21:20:47.402613 7fc3d067ec80                          Options.bytes_per_sync: 0
2022/07/11-21:20:47.402615 7fc3d067ec80                      Options.wal_bytes_per_sync: 0
2022/07/11-21:20:47.402625 7fc3d067ec80                   Options.strict_bytes_per_sync: 0
2022/07/11-21:20:47.402627 7fc3d067ec80       Options.compaction_readahead_size: 0
2022/07/11-21:20:47.402629 7fc3d067ec80                  Options.max_background_flushes: -1
2022/07/11-21:20:47.402631 7fc3d067ec80 Compression algorithms supported:
2022/07/11-21:20:47.402633 7fc3d067ec80 	kZSTDNotFinalCompression supported: 1
2022/07/11-21:20:47.402639 7fc3d067ec80 	kZSTD supported: 1
2022/07/11-21:20:47.402641 7fc3d067ec80 	kXpressCompression supported: 0
2022/07/11-21:20:47.402643 7fc3d067ec80 	kLZ4HCCompression supported: 1
2022/07/11-21:20:47.402646 7fc3d067ec80 	kLZ4Compression supported: 1
2022/07/11-21:20:47.402648 7fc3d067ec80 	kBZip2Compression supported: 1
2022/07/11-21:20:47.402650 7fc3d067ec80 	kZlibCompression supported: 1
2022/07/11-21:20:47.402652 7fc3d067ec80 	kSnappyCompression supported: 1
2022/07/11-21:20:47.402659 7fc3d067ec80 Fast CRC32 supported: Supported on x86
2022/07/11-21:20:47.402741 7fc3d067ec80 [db/version_set.cc:4758] Recovering from manifest file: /home/patrick/InternetComputer/Hyperspace1/v0/NewWaveV0/0.0.2/.dfx/state/replicated_state/node-100/ic_consensus_pool/consensus/MANIFEST-000125
2022/07/11-21:20:47.402965 7fc3d067ec80 [db/column_family.cc:595] --------------- Options for column family [default]:
2022/07/11-21:20:47.402970 7fc3d067ec80               Options.comparator: leveldb.BytewiseComparator
2022/07/11-21:20:47.402972 7fc3d067ec80           Options.merge_operator: None
2022/07/11-21:20:47.402974 7fc3d067ec80        Options.compaction_filter: None
2022/07/11-21:20:47.402976 7fc3d067ec80        Options.compaction_filter_factory: None
2022/07/11-21:20:47.402978 7fc3d067ec80  Options.sst_partitioner_factory: None
2022/07/11-21:20:47.402979 7fc3d067ec80         Options.memtable_factory: SkipListFactory
2022/07/11-21:20:47.402982 7fc3d067ec80            Options.table_factory: BlockBasedTable
2022/07/11-21:20:47.403021 7fc3d067ec80            table_factory options:   flush_block_policy_factory: FlushBlockBySizePolicyFactory (0x55db6d4a0490)
  cache_index_and_filter_blocks: 0
  cache_index_and_filter_blocks_with_high_priority: 1
  pin_l0_filter_and_index_blocks_in_cache: 0
  pin_top_level_index_and_filter: 1
  index_type: 0
  data_block_index_type: 0
  index_shortening: 1
  data_block_hash_table_util_ratio: 0.750000
  hash_index_allow_collision: 1
  checksum: 1
  no_block_cache: 0
  block_cache: 0x55db6d4a04e0
  block_cache_name: LRUCache
  block_cache_options:
    capacity : 8388608
    num_shard_bits : 4
    strict_capacity_limit : 0
    memory_allocator : None
    high_pri_pool_ratio: 0.000
  block_cache_compressed: (nil)
  persistent_cache: (nil)
  block_size: 4096
  block_size_deviation: 10
  block_restart_interval: 16
  index_block_restart_interval: 1
  metadata_block_size: 4096
  partition_filters: 0
  use_delta_encoding: 1
  filter_policy: nullptr
  whole_key_filtering: 1
  verify_compression: 0
  read_amp_bytes_per_bit: 0
  format_version: 4
  enable_index_compression: 1
  block_align: 0
2022/07/11-21:20:47.403023 7fc3d067ec80        Options.write_buffer_size: 67108864
2022/07/11-21:20:47.403025 7fc3d067ec80  Options.max_write_buffer_number: 2
2022/07/11-21:20:47.403028 7fc3d067ec80          Options.compression: Snappy
2022/07/11-21:20:47.403029 7fc3d067ec80                  Options.bottommost_compression: Disabled
2022/07/11-21:20:47.403031 7fc3d067ec80       Options.prefix_extractor: nullptr
2022/07/11-21:20:47.403033 7fc3d067ec80   Options.memtable_insert_with_hint_prefix_extractor: nullptr
2022/07/11-21:20:47.403035 7fc3d067ec80             Options.num_levels: 7
2022/07/11-21:20:47.403037 7fc3d067ec80        Options.min_write_buffer_number_to_merge: 1
2022/07/11-21:20:47.403039 7fc3d067ec80     Options.max_write_buffer_number_to_maintain: 0
2022/07/11-21:20:47.403041 7fc3d067ec80     Options.max_write_buffer_size_to_maintain: 0
2022/07/11-21:20:47.403043 7fc3d067ec80            Options.bottommost_compression_opts.window_bits: -14
2022/07/11-21:20:47.403060 7fc3d067ec80                  Options.bottommost_compression_opts.level: 32767
2022/07/11-21:20:47.403062 7fc3d067ec80               Options.bottommost_compression_opts.strategy: 0
2022/07/11-21:20:47.403064 7fc3d067ec80         Options.bottommost_compression_opts.max_dict_bytes: 0
2022/07/11-21:20:47.403066 7fc3d067ec80         Options.bottommost_compression_opts.zstd_max_train_bytes: 0
2022/07/11-21:20:47.403068 7fc3d067ec80         Options.bottommost_compression_opts.parallel_threads: 1
2022/07/11-21:20:47.403069 7fc3d067ec80                  Options.bottommost_compression_opts.enabled: false
2022/07/11-21:20:47.403071 7fc3d067ec80            Options.compression_opts.window_bits: -14
2022/07/11-21:20:47.403073 7fc3d067ec80                  Options.compression_opts.level: 32767
2022/07/11-21:20:47.403075 7fc3d067ec80               Options.compression_opts.strategy: 0
2022/07/11-21:20:47.403077 7fc3d067ec80         Options.compression_opts.max_dict_bytes: 0
2022/07/11-21:20:47.403078 7fc3d067ec80         Options.compression_opts.zstd_max_train_bytes: 0
2022/07/11-21:20:47.403080 7fc3d067ec80         Options.compression_opts.parallel_threads: 1
2022/07/11-21:20:47.403082 7fc3d067ec80                  Options.compression_opts.enabled: false
2022/07/11-21:20:47.403084 7fc3d067ec80      Options.level0_file_num_compaction_trigger: 4
2022/07/11-21:20:47.403086 7fc3d067ec80          Options.level0_slowdown_writes_trigger: 20
2022/07/11-21:20:47.403088 7fc3d067ec80              Options.level0_stop_writes_trigger: 36
2022/07/11-21:20:47.403090 7fc3d067ec80                   Options.target_file_size_base: 67108864
2022/07/11-21:20:47.403091 7fc3d067ec80             Options.target_file_size_multiplier: 1
2022/07/11-21:20:47.403093 7fc3d067ec80                Options.max_bytes_for_level_base: 268435456
2022/07/11-21:20:47.403095 7fc3d067ec80 Options.level_compaction_dynamic_level_bytes: 0
2022/07/11-21:20:47.403097 7fc3d067ec80          Options.max_bytes_for_level_multiplier: 10.000000
2022/07/11-21:20:47.403101 7fc3d067ec80 Options.max_bytes_for_level_multiplier_addtl[0]: 1
2022/07/11-21:20:47.403103 7fc3d067ec80 Options.max_bytes_for_level_multiplier_addtl[1]: 1
2022/07/11-21:20:47.403105 7fc3d067ec80 Options.max_bytes_for_level_multiplier_addtl[2]: 1
2022/07/11-21:20:47.403107 7fc3d067ec80 Options.max_bytes_for_level_multiplier_addtl[3]: 1
2022/07/11-21:20:47.403109 7fc3d067ec80 Options.max_bytes_for_level_multiplier_addtl[4]: 1
2022/07/11-21:20:47.403110 7fc3d067ec80 Options.max_bytes_for_level_multiplier_addtl[5]: 1
2022/07/11-21:20:47.403112 7fc3d067ec80 Options.max_bytes_for_level_multiplier_addtl[6]: 1
2022/07/11-21:20:47.403114 7fc3d067ec80       Options.max_sequential_skip_in_iterations: 8
2022/07/11-21:20:47.403116 7fc3d067ec80                    Options.max_compaction_bytes: 1677721600
2022/07/11-21:20:47.403118 7fc3d067ec80                        Options.arena_block_size: 8388608
2022/07/11-21:20:47.403120 7fc3d067ec80   Options.soft_pending_compaction_bytes_limit: 68719476736
2022/07/11-21:20:47.403122 7fc3d067ec80   Options.hard_pending_compaction_bytes_limit: 274877906944
2022/07/11-21:20:47.403123 7fc3d067ec80       Options.rate_limit_delay_max_milliseconds: 100
2022/07/11-21:20:47.403125 7fc3d067ec80                Options.disable_auto_compactions: 0
2022/07/11-21:20:47.403129 7fc3d067ec80                        Options.compaction_style: kCompactionStyleLevel
2022/07/11-21:20:47.403132 7fc3d067ec80                          Options.compaction_pri: kMinOverlappingRatio
2022/07/11-21:20:47.403133 7fc3d067ec80 Options.compaction_options_universal.size_ratio: 1
2022/07/11-21:20:47.403135 7fc3d067ec80 Options.compaction_options_universal.min_merge_width: 2
2022/07/11-21:20:47.403137 7fc3d067ec80 Options.compaction_options_universal.max_merge_width: 4294967295
2022/07/11-21:20:47.403139 7fc3d067ec80 Options.compaction_options_universal.max_size_amplification_percent: 200
2022/07/11-21:20:47.403141 7fc3d067ec80 Options.compaction_options_universal.compression_size_percent: -1
2022/07/11-21:20:47.403143 7fc3d067ec80 Options.compaction_options_universal.stop_style: kCompactionStopStyleTotalSize
2022/07/11-21:20:47.403154 7fc3d067ec80 Options.compaction_options_fifo.max_table_files_size: 1073741824
2022/07/11-21:20:47.403157 7fc3d067ec80 Options.compaction_options_fifo.allow_compaction: 0
2022/07/11-21:20:47.403163 7fc3d067ec80                   Options.table_properties_collectors: 
2022/07/11-21:20:47.403165 7fc3d067ec80                   Options.inplace_update_support: 0
2022/07/11-21:20:47.403167 7fc3d067ec80                 Options.inplace_update_num_locks: 10000
2022/07/11-21:20:47.403169 7fc3d067ec80               Options.memtable_prefix_bloom_size_ratio: 0.000000
2022/07/11-21:20:47.403171 7fc3d067ec80               Options.memtable_whole_key_filtering: 0
2022/07/11-21:20:47.403173 7fc3d067ec80   Options.memtable_huge_page_size: 0
2022/07/11-21:20:47.403175 7fc3d067ec80                           Options.bloom_locality: 0
2022/07/11-21:20:47.403176 7fc3d067ec80                    Options.max_successive_merges: 0
2022/07/11-21:20:47.403178 7fc3d067ec80                Options.optimize_filters_for_hits: 0
2022/07/11-21:20:47.403180 7fc3d067ec80                Options.paranoid_file_checks: 0
2022/07/11-21:20:47.403182 7fc3d067ec80                Options.force_consistency_checks: 1
2022/07/11-21:20:47.403211 7fc3d067ec80                Options.report_bg_io_stats: 0
2022/07/11-21:20:47.403217 7fc3d067ec80                               Options.ttl: 2592000
2022/07/11-21:20:47.403220 7fc3d067ec80          Options.periodic_compaction_seconds: 0
2022/07/11-21:20:47.403221 7fc3d067ec80                    Options.enable_blob_files: false
2022/07/11-21:20:47.403223 7fc3d067ec80                        Options.min_blob_size: 0
2022/07/11-21:20:47.403225 7fc3d067ec80                       Options.blob_file_size: 268435456
2022/07/11-21:20:47.403227 7fc3d067ec80                Options.blob_compression_type: NoCompression
2022/07/11-21:20:47.403229 7fc3d067ec80       Options.enable_blob_garbage_collection: false
2022/07/11-21:20:47.403231 7fc3d067ec80   Options.blob_garbage_collection_age_cutoff: 0.250000
2022/07/11-21:20:47.403954 7fc3d067ec80 [db/column_family.cc:595] --------------- Options for column family [RB]:
2022/07/11-21:20:47.403962 7fc3d067ec80               Options.comparator: leveldb.BytewiseComparator
2022/07/11-21:20:47.403965 7fc3d067ec80           Options.merge_operator: None
2022/07/11-21:20:47.403968 7fc3d067ec80        Options.compaction_filter: filter_outdated
2022/07/11-21:20:47.403971 7fc3d067ec80        Options.compaction_filter_factory: None
2022/07/11-21:20:47.403973 7fc3d067ec80  Options.sst_partitioner_factory: None
2022/07/11-21:20:47.403974 7fc3d067ec80         Options.memtable_factory: SkipListFactory
2022/07/11-21:20:47.403976 7fc3d067ec80            Options.table_factory: BlockBasedTable
2022/07/11-21:20:47.404021 7fc3d067ec80            table_factory options:   flush_block_policy_factory: FlushBlockBySizePolicyFactory (0x55db6d4865f0)
  cache_index_and_filter_blocks: 0
  cache_index_and_filter_blocks_with_high_priority: 1
  pin_l0_filter_and_index_blocks_in_cache: 0
  pin_top_level_index_and_filter: 1
  index_type: 0
  data_block_index_type: 0
  index_shortening: 1
  data_block_hash_table_util_ratio: 0.750000
  hash_index_allow_collision: 1
  checksum: 1
  no_block_cache: 0
  block_cache: 0x55db6d486640
  block_cache_name: LRUCache
  block_cache_options:
    capacity : 8388608
    num_shard_bits : 4
    strict_capacity_limit : 0
    memory_allocator : None
    high_pri_pool_ratio: 0.000
  block_cache_compressed: (nil)
  persistent_cache: (nil)
  block_size: 4096
  block_size_deviation: 10
  block_restart_interval: 16
  index_block_restart_interval: 1
  metadata_block_size: 4096
  partition_filters: 0
  use_delta_encoding: 1
  filter_policy: nullptr
  whole_key_filtering: 1
  verify_compression: 0
  read_amp_bytes_per_bit: 0
  format_version: 4
  enable_index_compression: 1
  block_align: 0
2022/07/11-21:20:47.404036 7fc3d067ec80        Options.write_buffer_size: 67108864
2022/07/11-21:20:47.404038 7fc3d067ec80  Options.max_write_buffer_number: 2
2022/07/11-21:20:47.404063 7fc3d067ec80          Options.compression: NoCompression
2022/07/11-21:20:47.404065 7fc3d067ec80                  Options.bottommost_compression: Disabled
2022/07/11-21:20:47.404067 7fc3d067ec80       Options.prefix_extractor: nullptr
2022/07/11-21:20:47.404069 7fc3d067ec80   Options.memtable_insert_with_hint_prefix_extractor: nullptr
2022/07/11-21:20:47.404071 7fc3d067ec80             Options.num_levels: 7
2022/07/11-21:20:47.404073 7fc3d067ec80        Options.min_write_buffer_number_to_merge: 1
2022/07/11-21:20:47.404074 7fc3d067ec80     Options.max_write_buffer_number_to_maintain: 0
2022/07/11-21:20:47.404076 7fc3d067ec80     Options.max_write_buffer_size_to_maintain: 0
2022/07/11-21:20:47.404078 7fc3d067ec80            Options.bottommost_compression_opts.window_bits: -14
2022/07/11-21:20:47.404080 7fc3d067ec80                  Options.bottommost_compression_opts.level: 32767
2022/07/11-21:20:47.404082 7fc3d067ec80               Options.bottommost_compression_opts.strategy: 0
2022/07/11-21:20:47.404083 7fc3d067ec80         Options.bottommost_compression_opts.max_dict_bytes: 0
2022/07/11-21:20:47.404085 7fc3d067ec80         Options.bottommost_compression_opts.zstd_max_train_bytes: 0
2022/07/11-21:20:47.404087 7fc3d067ec80         Options.bottommost_compression_opts.parallel_threads: 1
2022/07/11-21:20:47.404089 7fc3d067ec80                  Options.bottommost_compression_opts.enabled: false
2022/07/11-21:20:47.404091 7fc3d067ec80            Options.compression_opts.window_bits: -14
2022/07/11-21:20:47.404092 7fc3d067ec80                  Options.compression_opts.level: 32767
2022/07/11-21:20:47.404094 7fc3d067ec80               Options.compression_opts.strategy: 0
2022/07/11-21:20:47.404096 7fc3d067ec80         Options.compression_opts.max_dict_bytes: 0
2022/07/11-21:20:47.404098 7fc3d067ec80         Options.compression_opts.zstd_max_train_bytes: 0
2022/07/11-21:20:47.404100 7fc3d067ec80         Options.compression_opts.parallel_threads: 1
2022/07/11-21:20:47.404101 7fc3d067ec80                  Options.compression_opts.enabled: false
2022/07/11-21:20:47.404103 7fc3d067ec80      Options.level0_file_num_compaction_trigger: 4
2022/07/11-21:20:47.404105 7fc3d067ec80          Options.level0_slowdown_writes_trigger: 20
2022/07/11-21:20:47.404107 7fc3d067ec80              Options.level0_stop_writes_trigger: 36
2022/07/11-21:20:47.404108 7fc3d067ec80                   Options.target_file_size_base: 67108864
2022/07/11-21:20:47.404110 7fc3d067ec80             Options.target_file_size_multiplier: 1
2022/07/11-21:20:47.404112 7fc3d067ec80                Options.max_bytes_for_level_base: 268435456
2022/07/11-21:20:47.404114 7fc3d067ec80 Options.level_compaction_dynamic_level_bytes: 0
2022/07/11-21:20:47.404116 7fc3d067ec80          Options.max_bytes_for_level_multiplier: 10.000000
2022/07/11-21:20:47.404119 7fc3d067ec80 Options.max_bytes_for_level_multiplier_addtl[0]: 1
2022/07/11-21:20:47.404121 7fc3d067ec80 Options.max_bytes_for_level_multiplier_addtl[1]: 1
2022/07/11-21:20:47.404123 7fc3d067ec80 Options.max_bytes_for_level_multiplier_addtl[2]: 1
2022/07/11-21:20:47.404125 7fc3d067ec80 Options.max_bytes_for_level_multiplier_addtl[3]: 1
2022/07/11-21:20:47.404127 7fc3d067ec80 Options.max_bytes_for_level_multiplier_addtl[4]: 1
2022/07/11-21:20:47.404129 7fc3d067ec80 Options.max_bytes_for_level_multiplier_addtl[5]: 1
2022/07/11-21:20:47.404131 7fc3d067ec80 Options.max_bytes_for_level_multiplier_addtl[6]: 1
2022/07/11-21:20:47.404132 7fc3d067ec80       Options.max_sequential_skip_in_iterations: 8
2022/07/11-21:20:47.404134 7fc3d067ec80                    Options.max_compaction_bytes: 1677721600
2022/07/11-21:20:47.404136 7fc3d067ec80                        Options.arena_block_size: 8388608
2022/07/11-21:20:47.404138 7fc3d067ec80   Options.soft_pending_compaction_bytes_limit: 68719476736
2022/07/11-21:20:47.404140 7fc3d067ec80   Options.hard_pending_compaction_bytes_limit: 274877906944
2022/07/11-21:20:47.404142 7fc3d067ec80       Options.rate_limit_delay_max_milliseconds: 100
2022/07/11-21:20:47.404153 7fc3d067ec80                Options.disable_auto_compactions: 1
2022/07/11-21:20:47.404156 7fc3d067ec80                        Options.compaction_style: kCompactionStyleLevel
2022/07/11-21:20:47.404158 7fc3d067ec80                          Options.compaction_pri: kMinOverlappingRatio
2022/07/11-21:20:47.404160 7fc3d067ec80 Options.compaction_options_universal.size_ratio: 1
2022/07/11-21:20:47.404162 7fc3d067ec80 Options.compaction_options_universal.min_merge_width: 2
2022/07/11-21:20:47.404163 7fc3d067ec80 Options.compaction_options_universal.max_merge_width: 4294967295
2022/07/11-21:20:47.404165 7fc3d067ec80 Options.compaction_options_universal.max_size_amplification_percent: 200
2022/07/11-21:20:47.404167 7fc3d067ec80 Options.compaction_options_universal.compression_size_percent: -1
2022/07/11-21:20:47.404169 7fc3d067ec80 Options.compaction_options_universal.stop_style: kCompactionStopStyleTotalSize
2022/07/11-21:20:47.404171 7fc3d067ec80 Options.compaction_options_fifo.max_table_files_size: 1073741824
2022/07/11-21:20:47.404173 7fc3d067ec80 Options.compaction_options_fifo.allow_compaction: 0
2022/07/11-21:20:47.404180 7fc3d067ec80                   Options.table_properties_collectors: 
2022/07/11-21:20:47.404181 7fc3d067ec80                   Options.inplace_update_support: 0
2022/07/11-21:20:47.404212 7fc3d067ec80                 Options.inplace_update_num_locks: 10000
2022/07/11-21:20:47.404215 7fc3d067ec80               Options.memtable_prefix_bloom_size_ratio: 0.000000
2022/07/11-21:20:47.404219 7fc3d067ec80               Options.memtable_whole_key_filtering: 0
2022/07/11-21:20:47.404221 7fc3d067ec80   Options.memtable_huge_page_size: 0
2022/07/11-21:20:47.404222 7fc3d067ec80                           Options.bloom_locality: 0
2022/07/11-21:20:47.404224 7fc3d067ec80                    Options.max_successive_merges: 0
2022/07/11-21:20:47.404226 7fc3d067ec80                Options.optimize_filters_for_hits: 0
2022/07/11-21:20:47.404227 7fc3d067ec80                Options.paranoid_file_checks: 0
2022/07/11-21:20:47.404229 7fc3d067ec80                Options.force_consistency_checks: 1
2022/07/11-21:20:47.404231 7fc3d067ec80                Options.report_bg_io_stats: 0
2022/07/11-21:20:47.404233 7fc3d067ec80                               Options.ttl: 2592000
2022/07/11-21:20:47.404234 7fc3d067ec80          Options.periodic_compaction_seconds: 2592000
2022/07/11-21:20:47.404236 7fc3d067ec80                    Options.enable_blob_files: false
2022/07/11-21:20:47.404238 7fc3d067ec80                        Options.min_blob_size: 0
2022/07/11-21:20:47.404240 7fc3d067ec80                       Options.blob_file_size: 268435456
2022/07/11-21:20:47.404242 7fc3d067ec80                Options.blob_compression_type: NoCompression
2022/07/11-21:20:47.404244 7fc3d067ec80       Options.enable_blob_garbage_collection: false
2022/07/11-21:20:47.404245 7fc3d067ec80   Options.blob_garbage_collection_age_cutoff: 0.250000
2022/07/11-21:20:47.404311 7fc3d067ec80 [db/column_family.cc:595] --------------- Options for column family [FZ]:
2022/07/11-21:20:47.404314 7fc3d067ec80               Options.comparator: leveldb.BytewiseComparator
2022/07/11-21:20:47.404316 7fc3d067ec80           Options.merge_operator: None
2022/07/11-21:20:47.404318 7fc3d067ec80        Options.compaction_filter: filter_outdated
2022/07/11-21:20:47.404320 7fc3d067ec80        Options.compaction_filter_factory: None
2022/07/11-21:20:47.404322 7fc3d067ec80  Options.sst_partitioner_factory: None
2022/07/11-21:20:47.404324 7fc3d067ec80         Options.memtable_factory: SkipListFactory
2022/07/11-21:20:47.404325 7fc3d067ec80            Options.table_factory: BlockBasedTable
2022/07/11-21:20:47.404355 7fc3d067ec80            table_factory options:   flush_block_policy_factory: FlushBlockBySizePolicyFactory (0x55db6d4888a0)
  cache_index_and_filter_blocks: 0
  cache_index_and_filter_blocks_with_high_priority: 1
  pin_l0_filter_and_index_blocks_in_cache: 0
  pin_top_level_index_and_filter: 1
  index_type: 0
  data_block_index_type: 0
  index_shortening: 1
  data_block_hash_table_util_ratio: 0.750000
  hash_index_allow_collision: 1
  checksum: 1
  no_block_cache: 0
  block_cache: 0x55db6d4888f0
  block_cache_name: LRUCache
  block_cache_options:
    capacity : 8388608
    num_shard_bits : 4
    strict_capacity_limit : 0
    memory_allocator : None
    high_pri_pool_ratio: 0.000
  block_cache_compressed: (nil)
  persistent_cache: (nil)
  block_size: 4096
  block_size_deviation: 10
  block_restart_interval: 16
  index_block_restart_interval: 1
  metadata_block_size: 4096
  partition_filters: 0
  use_delta_encoding: 1
  filter_policy: nullptr
  whole_key_filtering: 1
  verify_compression: 0
  read_amp_bytes_per_bit: 0
  format_version: 4
  enable_index_compression: 1
  block_align: 0
2022/07/11-21:20:47.404387 7fc3d067ec80        Options.write_buffer_size: 67108864
2022/07/11-21:20:47.404390 7fc3d067ec80  Options.max_write_buffer_number: 2
2022/07/11-21:20:47.404392 7fc3d067ec80          Options.compression: NoCompression
2022/07/11-21:20:47.404393 7fc3d067ec80                  Options.bottommost_compression: Disabled
2022/07/11-21:20:47.404395 7fc3d067ec80       Options.prefix_extractor: nullptr
2022/07/11-21:20:47.404397 7fc3d067ec80   Options.memtable_insert_with_hint_prefix_extractor: nullptr
2022/07/11-21:20:47.404399 7fc3d067ec80             Options.num_levels: 7
2022/07/11-21:20:47.404400 7fc3d067ec80        Options.min_write_buffer_number_to_merge: 1
2022/07/11-21:20:47.404402 7fc3d067ec80     Options.max_write_buffer_number_to_maintain: 0
2022/07/11-21:20:47.404404 7fc3d067ec80     Options.max_write_buffer_size_to_maintain: 0
2022/07/11-21:20:47.404406 7fc3d067ec80            Options.bottommost_compression_opts.window_bits: -14
2022/07/11-21:20:47.404408 7fc3d067ec80                  Options.bottommost_compression_opts.level: 32767
2022/07/11-21:20:47.404409 7fc3d067ec80               Options.bottommost_compression_opts.strategy: 0
2022/07/11-21:20:47.404411 7fc3d067ec80         Options.bottommost_compression_opts.max_dict_bytes: 0
2022/07/11-21:20:47.404413 7fc3d067ec80         Options.bottommost_compression_opts.zstd_max_train_bytes: 0
2022/07/11-21:20:47.404415 7fc3d067ec80         Options.bottommost_compression_opts.parallel_threads: 1
2022/07/11-21:20:47.404417 7fc3d067ec80                  Options.bottommost_compression_opts.enabled: false
2022/07/11-21:20:47.404418 7fc3d067ec80            Options.compression_opts.window_bits: -14
2022/07/11-21:20:47.404420 7fc3d067ec80                  Options.compression_opts.level: 32767
2022/07/11-21:20:47.404422 7fc3d067ec80               Options.compression_opts.strategy: 0
2022/07/11-21:20:47.404424 7fc3d067ec80         Options.compression_opts.max_dict_bytes: 0
2022/07/11-21:20:47.404425 7fc3d067ec80         Options.compression_opts.zstd_max_train_bytes: 0
2022/07/11-21:20:47.404427 7fc3d067ec80         Options.compression_opts.parallel_threads: 1
2022/07/11-21:20:47.404429 7fc3d067ec80                  Options.compression_opts.enabled: false
2022/07/11-21:20:47.404431 7fc3d067ec80      Options.level0_file_num_compaction_trigger: 4
2022/07/11-21:20:47.404432 7fc3d067ec80          Options.level0_slowdown_writes_trigger: 20
2022/07/11-21:20:47.404434 7fc3d067ec80              Options.level0_stop_writes_trigger: 36
2022/07/11-21:20:47.404436 7fc3d067ec80                   Options.target_file_size_base: 67108864
2022/07/11-21:20:47.404438 7fc3d067ec80             Options.target_file_size_multiplier: 1
2022/07/11-21:20:47.404439 7fc3d067ec80                Options.max_bytes_for_level_base: 268435456
2022/07/11-21:20:47.404441 7fc3d067ec80 Options.level_compaction_dynamic_level_bytes: 0
2022/07/11-21:20:47.404443 7fc3d067ec80          Options.max_bytes_for_level_multiplier: 10.000000
2022/07/11-21:20:47.404446 7fc3d067ec80 Options.max_bytes_for_level_multiplier_addtl[0]: 1
2022/07/11-21:20:47.404449 7fc3d067ec80 Options.max_bytes_for_level_multiplier_addtl[1]: 1
2022/07/11-21:20:47.404450 7fc3d067ec80 Options.max_bytes_for_level_multiplier_addtl[2]: 1
2022/07/11-21:20:47.404452 7fc3d067ec80 Options.max_bytes_for_level_multiplier_addtl[3]: 1
2022/07/11-21:20:47.404463 7fc3d067ec80 Options.max_bytes_for_level_multiplier_addtl[4]: 1
2022/07/11-21:20:47.404465 7fc3d067ec80 Options.max_bytes_for_level_multiplier_addtl[5]: 1
2022/07/11-21:20:47.404467 7fc3d067ec80 Options.max_bytes_for_level_multiplier_addtl[6]: 1
2022/07/11-21:20:47.404469 7fc3d067ec80       Options.max_sequential_skip_in_iterations: 8
2022/07/11-21:20:47.404470 7fc3d067ec80                    Options.max_compaction_bytes: 1677721600
2022/07/11-21:20:47.404472 7fc3d067ec80                        Options.arena_block_size: 8388608
2022/07/11-21:20:47.404474 7fc3d067ec80   Options.soft_pending_compaction_bytes_limit: 68719476736
2022/07/11-21:20:47.404476 7fc3d067ec80   Options.hard_pending_compaction_bytes_limit: 274877906944
2022/07/11-21:20:47.404478 7fc3d067ec80       Options.rate_limit_delay_max_milliseconds: 100
2022/07/11-21:20:47.404479 7fc3d067ec80                Options.disable_auto_compactions: 1
2022/07/11-21:20:47.404482 7fc3d067ec80                        Options.compaction_style: kCompactionStyleLevel
2022/07/11-21:20:47.404484 7fc3d067ec80                          Options.compaction_pri: kMinOverlappingRatio
2022/07/11-21:20:47.404486 7fc3d067ec80 Options.compaction_options_universal.size_ratio: 1
2022/07/11-21:20:47.404487 7fc3d067ec80 Options.compaction_options_universal.min_merge_width: 2
2022/07/11-21:20:47.404489 7fc3d067ec80 Options.compaction_options_universal.max_merge_width: 4294967295
2022/07/11-21:20:47.404491 7fc3d067ec80 Options.compaction_options_universal.max_size_amplification_percent: 200
2022/07/11-21:20:47.404493 7fc3d067ec80 Options.compaction_options_universal.compression_size_percent: -1
2022/07/11-21:20:47.404495 7fc3d067ec80 Options.compaction_options_universal.stop_style: kCompactionStopStyleTotalSize
2022/07/11-21:20:47.404497 7fc3d067ec80 Options.compaction_options_fifo.max_table_files_size: 1073741824
2022/07/11-21:20:47.404498 7fc3d067ec80 Options.compaction_options_fifo.allow_compaction: 0
2022/07/11-21:20:47.404504 7fc3d067ec80                   Options.table_properties_collectors: 
2022/07/11-21:20:47.404505 7fc3d067ec80                   Options.inplace_update_support: 0
2022/07/11-21:20:47.404507 7fc3d067ec80                 Options.inplace_update_num_locks: 10000
2022/07/11-21:20:47.404509 7fc3d067ec80               Options.memtable_prefix_bloom_size_ratio: 0.000000
2022/07/11-21:20:47.404511 7fc3d067ec80               Options.memtable_whole_key_filtering: 0
2022/07/11-21:20:47.404513 7fc3d067ec80   Options.memtable_huge_page_size: 0
2022/07/11-21:20:47.404515 7fc3d067ec80                           Options.bloom_locality: 0
2022/07/11-21:20:47.404516 7fc3d067ec80                    Options.max_successive_merges: 0
2022/07/11-21:20:47.404518 7fc3d067ec80                Options.optimize_filters_for_hits: 0
2022/07/11-21:20:47.404520 7fc3d067ec80                Options.paranoid_file_checks: 0
2022/07/11-21:20:47.404522 7fc3d067ec80                Options.force_consistency_checks: 1
2022/07/11-21:20:47.404523 7fc3d067ec80                Options.report_bg_io_stats: 0
2022/07/11-21:20:47.404525 7fc3d067ec80                               Options.ttl: 2592000
2022/07/11-21:20:47.404527 7fc3d067ec80          Options.periodic_compaction_seconds: 2592000
2022/07/11-21:20:47.404529 7fc3d067ec80                    Options.enable_blob_files: false
2022/07/11-21:20:47.404530 7fc3d067ec80                        Options.min_blob_size: 0
2022/07/11-21:20:47.404532 7fc3d067ec80                       Options.blob_file_size: 268435456
2022/07/11-21:20:47.404534 7fc3d067ec80                Options.blob_compression_type: NoCompression
2022/07/11-21:20:47.404536 7fc3d067ec80       Options.enable_blob_garbage_collection: false
2022/07/11-21:20:47.404537 7fc3d067ec80   Options.blob_garbage_collection_age_cutoff: 0.250000
2022/07/11-21:20:47.404582 7fc3d067ec80 [db/column_family.cc:595] --------------- Options for column family [NZ]:
2022/07/11-21:20:47.404585 7fc3d067ec80               Options.comparator: leveldb.BytewiseComparator
2022/07/11-21:20:47.404597 7fc3d067ec80           Options.merge_operator: None
2022/07/11-21:20:47.404600 7fc3d067ec80        Options.compaction_filter: filter_outdated
2022/07/11-21:20:47.404601 7fc3d067ec80        Options.compaction_filter_factory: None
2022/07/11-21:20:47.404603 7fc3d067ec80  Options.sst_partitioner_factory: None
2022/07/11-21:20:47.404605 7fc3d067ec80         Options.memtable_factory: SkipListFactory
2022/07/11-21:20:47.404607 7fc3d067ec80            Options.table_factory: BlockBasedTable
2022/07/11-21:20:47.404638 7fc3d067ec80            table_factory options:   flush_block_policy_factory: FlushBlockBySizePolicyFactory (0x55db6d48ab50)
  cache_index_and_filter_blocks: 0
  cache_index_and_filter_blocks_with_high_priority: 1
  pin_l0_filter_and_index_blocks_in_cache: 0
  pin_top_level_index_and_filter: 1
  index_type: 0
  data_block_index_type: 0
  index_shortening: 1
  data_block_hash_table_util_ratio: 0.750000
  hash_index_allow_collision: 1
  checksum: 1
  no_block_cache: 0
  block_cache: 0x55db6d48aba0
  block_cache_name: LRUCache
  block_cache_options:
    capacity : 8388608
    num_shard_bits : 4
    strict_capacity_limit : 0
    memory_allocator : None
    high_pri_pool_ratio: 0.000
  block_cache_compressed: (nil)
  persistent_cache: (nil)
  block_size: 4096
  block_size_deviation: 10
  block_restart_interval: 16
  index_block_restart_interval: 1
  metadata_block_size: 4096
  partition_filters: 0
  use_delta_encoding: 1
  filter_policy: nullptr
  whole_key_filtering: 1
  verify_compression: 0
  read_amp_bytes_per_bit: 0
  format_version: 4
  enable_index_compression: 1
  block_align: 0
2022/07/11-21:20:47.404649 7fc3d067ec80        Options.write_buffer_size: 67108864
2022/07/11-21:20:47.404651 7fc3d067ec80  Options.max_write_buffer_number: 2
2022/07/11-21:20:47.404653 7fc3d067ec80          Options.compression: NoCompression
2022/07/11-21:20:47.404654 7fc3d067ec80                  Options.bottommost_compression: Disabled
2022/07/11-21:20:47.404656 7fc3d067ec80       Options.prefix_extractor: nullptr
2022/07/11-21:20:47.404658 7fc3d067ec80   Options.memtable_insert_with_hint_prefix_extractor: nullptr
2022/07/11-21:20:47.404660 7fc3d067ec80             Options.num_levels: 7
2022/07/11-21:20:47.404662 7fc3d067ec80        Options.min_write_buffer_number_to_merge: 1
2022/07/11-21:20:47.404663 7fc3d067ec80     Options.max_write_buffer_number_to_maintain: 0
2022/07/11-21:20:47.404665 7fc3d067ec80     Options.max_write_buffer_size_to_maintain: 0
2022/07/11-21:20:47.404667 7fc3d067ec80            Options.bottommost_compression_opts.window_bits: -14
2022/07/11-21:20:47.404669 7fc3d067ec80                  Options.bottommost_compression_opts.level: 32767
2022/07/11-21:20:47.404670 7fc3d067ec80               Options.bottommost_compression_opts.strategy: 0
2022/07/11-21:20:47.404672 7fc3d067ec80         Options.bottommost_compression_opts.max_dict_bytes: 0
2022/07/11-21:20:47.404674 7fc3d067ec80         Options.bottommost_compression_opts.zstd_max_train_bytes: 0
