2022/04/03-23:33:38.169740 7fad6eba8c80 RocksDB version: 6.17.0
2022/04/03-23:33:38.169849 7fad6eba8c80 Git sha 0
2022/04/03-23:33:38.169913 7fad6eba8c80 DB SUMMARY
2022/04/03-23:33:38.169915 7fad6eba8c80 DB Session ID:  HYRVNPHZQQYRE3PNIHUK
2022/04/03-23:33:38.169984 7fad6eba8c80 CURRENT file:  CURRENT
2022/04/03-23:33:38.169987 7fad6eba8c80 IDENTITY file:  IDENTITY
2022/04/03-23:33:38.169993 7fad6eba8c80 MANIFEST file:  MANIFEST-000329 size: 10385 Bytes
2022/04/03-23:33:38.169997 7fad6eba8c80 SST files in /home/patrick/InternetComputer/Hyperspace1/v0/NewWaveV0/0.0.2/.dfx/state/replicated_state/node-100/ic_consensus_pool/consensus dir, Total Num: 12, files: 000347.sst 000349.sst 000351.sst 000353.sst 000355.sst 000357.sst 000359.sst 000361.sst 000363.sst 
2022/04/03-23:33:38.170000 7fad6eba8c80 Write Ahead Log file in /home/patrick/InternetComputer/Hyperspace1/v0/NewWaveV0/0.0.2/.dfx/state/replicated_state/node-100/ic_consensus_pool/consensus: 000345.log size: 1889 ; 000368.log size: 11594718 ; 
2022/04/03-23:33:38.170003 7fad6eba8c80                         Options.error_if_exists: 0
2022/04/03-23:33:38.170006 7fad6eba8c80                       Options.create_if_missing: 1
2022/04/03-23:33:38.170008 7fad6eba8c80                         Options.paranoid_checks: 1
2022/04/03-23:33:38.170010 7fad6eba8c80                               Options.track_and_verify_wals_in_manifest: 0
2022/04/03-23:33:38.170012 7fad6eba8c80                                     Options.env: 0x5644fcfa62e0
2022/04/03-23:33:38.170015 7fad6eba8c80                                      Options.fs: Posix File System
2022/04/03-23:33:38.170017 7fad6eba8c80                                Options.info_log: 0x56453439d160
2022/04/03-23:33:38.170019 7fad6eba8c80                Options.max_file_opening_threads: 16
2022/04/03-23:33:38.170021 7fad6eba8c80                              Options.statistics: (nil)
2022/04/03-23:33:38.170024 7fad6eba8c80                               Options.use_fsync: 1
2022/04/03-23:33:38.170026 7fad6eba8c80                       Options.max_log_file_size: 0
2022/04/03-23:33:38.170028 7fad6eba8c80                  Options.max_manifest_file_size: 1073741824
2022/04/03-23:33:38.170030 7fad6eba8c80                   Options.log_file_time_to_roll: 0
2022/04/03-23:33:38.170033 7fad6eba8c80                       Options.keep_log_file_num: 1000
2022/04/03-23:33:38.170035 7fad6eba8c80                    Options.recycle_log_file_num: 0
2022/04/03-23:33:38.170037 7fad6eba8c80                         Options.allow_fallocate: 1
2022/04/03-23:33:38.170039 7fad6eba8c80                        Options.allow_mmap_reads: 0
2022/04/03-23:33:38.170041 7fad6eba8c80                       Options.allow_mmap_writes: 0
2022/04/03-23:33:38.170043 7fad6eba8c80                        Options.use_direct_reads: 0
2022/04/03-23:33:38.170045 7fad6eba8c80                        Options.use_direct_io_for_flush_and_compaction: 0
2022/04/03-23:33:38.170047 7fad6eba8c80          Options.create_missing_column_families: 1
2022/04/03-23:33:38.170049 7fad6eba8c80                              Options.db_log_dir: 
2022/04/03-23:33:38.170051 7fad6eba8c80                                 Options.wal_dir: /home/patrick/InternetComputer/Hyperspace1/v0/NewWaveV0/0.0.2/.dfx/state/replicated_state/node-100/ic_consensus_pool/consensus
2022/04/03-23:33:38.170053 7fad6eba8c80                Options.table_cache_numshardbits: 6
2022/04/03-23:33:38.170056 7fad6eba8c80                         Options.WAL_ttl_seconds: 0
2022/04/03-23:33:38.170058 7fad6eba8c80                       Options.WAL_size_limit_MB: 0
2022/04/03-23:33:38.170060 7fad6eba8c80                        Options.max_write_batch_group_size_bytes: 1048576
2022/04/03-23:33:38.170062 7fad6eba8c80             Options.manifest_preallocation_size: 4194304
2022/04/03-23:33:38.170064 7fad6eba8c80                     Options.is_fd_close_on_exec: 1
2022/04/03-23:33:38.170066 7fad6eba8c80                   Options.advise_random_on_open: 1
2022/04/03-23:33:38.170068 7fad6eba8c80                    Options.db_write_buffer_size: 0
2022/04/03-23:33:38.170071 7fad6eba8c80                    Options.write_buffer_manager: 0x5645343cca50
2022/04/03-23:33:38.170085 7fad6eba8c80         Options.access_hint_on_compaction_start: 1
2022/04/03-23:33:38.170087 7fad6eba8c80  Options.new_table_reader_for_compaction_inputs: 0
2022/04/03-23:33:38.170089 7fad6eba8c80           Options.random_access_max_buffer_size: 1048576
2022/04/03-23:33:38.170091 7fad6eba8c80                      Options.use_adaptive_mutex: 0
2022/04/03-23:33:38.170093 7fad6eba8c80                            Options.rate_limiter: (nil)
2022/04/03-23:33:38.170096 7fad6eba8c80     Options.sst_file_manager.rate_bytes_per_sec: 0
2022/04/03-23:33:38.170098 7fad6eba8c80                       Options.wal_recovery_mode: 2
2022/04/03-23:33:38.170100 7fad6eba8c80                  Options.enable_thread_tracking: 0
2022/04/03-23:33:38.170102 7fad6eba8c80                  Options.enable_pipelined_write: 0
2022/04/03-23:33:38.170104 7fad6eba8c80                  Options.unordered_write: 0
2022/04/03-23:33:38.170106 7fad6eba8c80         Options.allow_concurrent_memtable_write: 1
2022/04/03-23:33:38.170108 7fad6eba8c80      Options.enable_write_thread_adaptive_yield: 1
2022/04/03-23:33:38.170110 7fad6eba8c80             Options.write_thread_max_yield_usec: 100
2022/04/03-23:33:38.170113 7fad6eba8c80            Options.write_thread_slow_yield_usec: 3
2022/04/03-23:33:38.170115 7fad6eba8c80                               Options.row_cache: None
2022/04/03-23:33:38.170117 7fad6eba8c80                              Options.wal_filter: None
2022/04/03-23:33:38.170120 7fad6eba8c80             Options.avoid_flush_during_recovery: 0
2022/04/03-23:33:38.170122 7fad6eba8c80             Options.allow_ingest_behind: 0
2022/04/03-23:33:38.170124 7fad6eba8c80             Options.preserve_deletes: 0
2022/04/03-23:33:38.170126 7fad6eba8c80             Options.two_write_queues: 0
2022/04/03-23:33:38.170128 7fad6eba8c80             Options.manual_wal_flush: 0
2022/04/03-23:33:38.170130 7fad6eba8c80             Options.atomic_flush: 0
2022/04/03-23:33:38.170132 7fad6eba8c80             Options.avoid_unnecessary_blocking_io: 0
2022/04/03-23:33:38.170134 7fad6eba8c80                 Options.persist_stats_to_disk: 0
2022/04/03-23:33:38.170136 7fad6eba8c80                 Options.write_dbid_to_manifest: 0
2022/04/03-23:33:38.170138 7fad6eba8c80                 Options.log_readahead_size: 0
2022/04/03-23:33:38.170140 7fad6eba8c80                 Options.file_checksum_gen_factory: Unknown
2022/04/03-23:33:38.170142 7fad6eba8c80                 Options.best_efforts_recovery: 0
2022/04/03-23:33:38.170144 7fad6eba8c80                Options.max_bgerror_resume_count: 2147483647
2022/04/03-23:33:38.170147 7fad6eba8c80            Options.bgerror_resume_retry_interval: 1000000
2022/04/03-23:33:38.170149 7fad6eba8c80             Options.allow_data_in_errors: 0
2022/04/03-23:33:38.170151 7fad6eba8c80             Options.db_host_id: __hostname__
2022/04/03-23:33:38.170153 7fad6eba8c80             Options.max_background_jobs: 2
2022/04/03-23:33:38.170227 7fad6eba8c80             Options.max_background_compactions: -1
2022/04/03-23:33:38.170233 7fad6eba8c80             Options.max_subcompactions: 1
2022/04/03-23:33:38.170236 7fad6eba8c80             Options.avoid_flush_during_shutdown: 0
2022/04/03-23:33:38.170238 7fad6eba8c80           Options.writable_file_max_buffer_size: 1048576
2022/04/03-23:33:38.170240 7fad6eba8c80             Options.delayed_write_rate : 16777216
2022/04/03-23:33:38.170242 7fad6eba8c80             Options.max_total_wal_size: 0
2022/04/03-23:33:38.170244 7fad6eba8c80             Options.delete_obsolete_files_period_micros: 21600000000
2022/04/03-23:33:38.170246 7fad6eba8c80                   Options.stats_dump_period_sec: 600
2022/04/03-23:33:38.170249 7fad6eba8c80                 Options.stats_persist_period_sec: 600
2022/04/03-23:33:38.170251 7fad6eba8c80                 Options.stats_history_buffer_size: 1048576
2022/04/03-23:33:38.170253 7fad6eba8c80                          Options.max_open_files: -1
2022/04/03-23:33:38.170255 7fad6eba8c80                          Options.bytes_per_sync: 0
2022/04/03-23:33:38.170284 7fad6eba8c80                      Options.wal_bytes_per_sync: 0
2022/04/03-23:33:38.170286 7fad6eba8c80                   Options.strict_bytes_per_sync: 0
2022/04/03-23:33:38.170288 7fad6eba8c80       Options.compaction_readahead_size: 0
2022/04/03-23:33:38.170290 7fad6eba8c80                  Options.max_background_flushes: -1
2022/04/03-23:33:38.170292 7fad6eba8c80 Compression algorithms supported:
2022/04/03-23:33:38.170295 7fad6eba8c80 	kZSTDNotFinalCompression supported: 1
2022/04/03-23:33:38.170303 7fad6eba8c80 	kZSTD supported: 1
2022/04/03-23:33:38.170305 7fad6eba8c80 	kXpressCompression supported: 0
2022/04/03-23:33:38.170307 7fad6eba8c80 	kLZ4HCCompression supported: 1
2022/04/03-23:33:38.170310 7fad6eba8c80 	kLZ4Compression supported: 1
2022/04/03-23:33:38.170312 7fad6eba8c80 	kBZip2Compression supported: 1
2022/04/03-23:33:38.170314 7fad6eba8c80 	kZlibCompression supported: 1
2022/04/03-23:33:38.170317 7fad6eba8c80 	kSnappyCompression supported: 1
2022/04/03-23:33:38.170325 7fad6eba8c80 Fast CRC32 supported: Supported on x86
2022/04/03-23:33:38.171003 7fad6eba8c80 [db/version_set.cc:4758] Recovering from manifest file: /home/patrick/InternetComputer/Hyperspace1/v0/NewWaveV0/0.0.2/.dfx/state/replicated_state/node-100/ic_consensus_pool/consensus/MANIFEST-000329
2022/04/03-23:33:38.171141 7fad6eba8c80 [db/column_family.cc:595] --------------- Options for column family [default]:
2022/04/03-23:33:38.171144 7fad6eba8c80               Options.comparator: leveldb.BytewiseComparator
2022/04/03-23:33:38.171146 7fad6eba8c80           Options.merge_operator: None
2022/04/03-23:33:38.171147 7fad6eba8c80        Options.compaction_filter: None
2022/04/03-23:33:38.171149 7fad6eba8c80        Options.compaction_filter_factory: None
2022/04/03-23:33:38.171150 7fad6eba8c80  Options.sst_partitioner_factory: None
2022/04/03-23:33:38.171151 7fad6eba8c80         Options.memtable_factory: SkipListFactory
2022/04/03-23:33:38.171152 7fad6eba8c80            Options.table_factory: BlockBasedTable
2022/04/03-23:33:38.171176 7fad6eba8c80            table_factory options:   flush_block_policy_factory: FlushBlockBySizePolicyFactory (0x5645343ca490)
  cache_index_and_filter_blocks: 0
  cache_index_and_filter_blocks_with_high_priority: 1
  pin_l0_filter_and_index_blocks_in_cache: 0
  pin_top_level_index_and_filter: 1
  index_type: 0
  data_block_index_type: 0
  index_shortening: 1
  data_block_hash_table_util_ratio: 0.750000
  hash_index_allow_collision: 1
  checksum: 1
  no_block_cache: 0
  block_cache: 0x5645343ca4e0
  block_cache_name: LRUCache
  block_cache_options:
    capacity : 8388608
    num_shard_bits : 4
    strict_capacity_limit : 0
    memory_allocator : None
    high_pri_pool_ratio: 0.000
  block_cache_compressed: (nil)
  persistent_cache: (nil)
  block_size: 4096
  block_size_deviation: 10
  block_restart_interval: 16
  index_block_restart_interval: 1
  metadata_block_size: 4096
  partition_filters: 0
  use_delta_encoding: 1
  filter_policy: nullptr
  whole_key_filtering: 1
  verify_compression: 0
  read_amp_bytes_per_bit: 0
  format_version: 4
  enable_index_compression: 1
  block_align: 0
2022/04/03-23:33:38.171177 7fad6eba8c80        Options.write_buffer_size: 67108864
2022/04/03-23:33:38.171178 7fad6eba8c80  Options.max_write_buffer_number: 2
2022/04/03-23:33:38.171179 7fad6eba8c80          Options.compression: Snappy
2022/04/03-23:33:38.171180 7fad6eba8c80                  Options.bottommost_compression: Disabled
2022/04/03-23:33:38.171182 7fad6eba8c80       Options.prefix_extractor: nullptr
2022/04/03-23:33:38.171183 7fad6eba8c80   Options.memtable_insert_with_hint_prefix_extractor: nullptr
2022/04/03-23:33:38.171184 7fad6eba8c80             Options.num_levels: 7
2022/04/03-23:33:38.171185 7fad6eba8c80        Options.min_write_buffer_number_to_merge: 1
2022/04/03-23:33:38.171186 7fad6eba8c80     Options.max_write_buffer_number_to_maintain: 0
2022/04/03-23:33:38.171187 7fad6eba8c80     Options.max_write_buffer_size_to_maintain: 0
2022/04/03-23:33:38.171188 7fad6eba8c80            Options.bottommost_compression_opts.window_bits: -14
2022/04/03-23:33:38.171199 7fad6eba8c80                  Options.bottommost_compression_opts.level: 32767
2022/04/03-23:33:38.171200 7fad6eba8c80               Options.bottommost_compression_opts.strategy: 0
2022/04/03-23:33:38.171201 7fad6eba8c80         Options.bottommost_compression_opts.max_dict_bytes: 0
2022/04/03-23:33:38.171202 7fad6eba8c80         Options.bottommost_compression_opts.zstd_max_train_bytes: 0
2022/04/03-23:33:38.171204 7fad6eba8c80         Options.bottommost_compression_opts.parallel_threads: 1
2022/04/03-23:33:38.171205 7fad6eba8c80                  Options.bottommost_compression_opts.enabled: false
2022/04/03-23:33:38.171206 7fad6eba8c80            Options.compression_opts.window_bits: -14
2022/04/03-23:33:38.171207 7fad6eba8c80                  Options.compression_opts.level: 32767
2022/04/03-23:33:38.171208 7fad6eba8c80               Options.compression_opts.strategy: 0
2022/04/03-23:33:38.171209 7fad6eba8c80         Options.compression_opts.max_dict_bytes: 0
2022/04/03-23:33:38.171210 7fad6eba8c80         Options.compression_opts.zstd_max_train_bytes: 0
2022/04/03-23:33:38.171211 7fad6eba8c80         Options.compression_opts.parallel_threads: 1
2022/04/03-23:33:38.171212 7fad6eba8c80                  Options.compression_opts.enabled: false
2022/04/03-23:33:38.171213 7fad6eba8c80      Options.level0_file_num_compaction_trigger: 4
2022/04/03-23:33:38.171214 7fad6eba8c80          Options.level0_slowdown_writes_trigger: 20
2022/04/03-23:33:38.171215 7fad6eba8c80              Options.level0_stop_writes_trigger: 36
2022/04/03-23:33:38.171216 7fad6eba8c80                   Options.target_file_size_base: 67108864
2022/04/03-23:33:38.171218 7fad6eba8c80             Options.target_file_size_multiplier: 1
2022/04/03-23:33:38.171219 7fad6eba8c80                Options.max_bytes_for_level_base: 268435456
2022/04/03-23:33:38.171220 7fad6eba8c80 Options.level_compaction_dynamic_level_bytes: 0
2022/04/03-23:33:38.171221 7fad6eba8c80          Options.max_bytes_for_level_multiplier: 10.000000
2022/04/03-23:33:38.171223 7fad6eba8c80 Options.max_bytes_for_level_multiplier_addtl[0]: 1
2022/04/03-23:33:38.171224 7fad6eba8c80 Options.max_bytes_for_level_multiplier_addtl[1]: 1
2022/04/03-23:33:38.171225 7fad6eba8c80 Options.max_bytes_for_level_multiplier_addtl[2]: 1
2022/04/03-23:33:38.171226 7fad6eba8c80 Options.max_bytes_for_level_multiplier_addtl[3]: 1
2022/04/03-23:33:38.171227 7fad6eba8c80 Options.max_bytes_for_level_multiplier_addtl[4]: 1
2022/04/03-23:33:38.171228 7fad6eba8c80 Options.max_bytes_for_level_multiplier_addtl[5]: 1
2022/04/03-23:33:38.171229 7fad6eba8c80 Options.max_bytes_for_level_multiplier_addtl[6]: 1
2022/04/03-23:33:38.171231 7fad6eba8c80       Options.max_sequential_skip_in_iterations: 8
2022/04/03-23:33:38.171232 7fad6eba8c80                    Options.max_compaction_bytes: 1677721600
2022/04/03-23:33:38.171233 7fad6eba8c80                        Options.arena_block_size: 8388608
2022/04/03-23:33:38.171234 7fad6eba8c80   Options.soft_pending_compaction_bytes_limit: 68719476736
2022/04/03-23:33:38.171235 7fad6eba8c80   Options.hard_pending_compaction_bytes_limit: 274877906944
2022/04/03-23:33:38.171236 7fad6eba8c80       Options.rate_limit_delay_max_milliseconds: 100
2022/04/03-23:33:38.171237 7fad6eba8c80                Options.disable_auto_compactions: 0
2022/04/03-23:33:38.171239 7fad6eba8c80                        Options.compaction_style: kCompactionStyleLevel
2022/04/03-23:33:38.171240 7fad6eba8c80                          Options.compaction_pri: kMinOverlappingRatio
2022/04/03-23:33:38.171241 7fad6eba8c80 Options.compaction_options_universal.size_ratio: 1
2022/04/03-23:33:38.171242 7fad6eba8c80 Options.compaction_options_universal.min_merge_width: 2
2022/04/03-23:33:38.171243 7fad6eba8c80 Options.compaction_options_universal.max_merge_width: 4294967295
2022/04/03-23:33:38.171244 7fad6eba8c80 Options.compaction_options_universal.max_size_amplification_percent: 200
2022/04/03-23:33:38.171246 7fad6eba8c80 Options.compaction_options_universal.compression_size_percent: -1
2022/04/03-23:33:38.171251 7fad6eba8c80 Options.compaction_options_universal.stop_style: kCompactionStopStyleTotalSize
2022/04/03-23:33:38.171252 7fad6eba8c80 Options.compaction_options_fifo.max_table_files_size: 1073741824
2022/04/03-23:33:38.171253 7fad6eba8c80 Options.compaction_options_fifo.allow_compaction: 0
2022/04/03-23:33:38.171258 7fad6eba8c80                   Options.table_properties_collectors: 
2022/04/03-23:33:38.171259 7fad6eba8c80                   Options.inplace_update_support: 0
2022/04/03-23:33:38.171260 7fad6eba8c80                 Options.inplace_update_num_locks: 10000
2022/04/03-23:33:38.171261 7fad6eba8c80               Options.memtable_prefix_bloom_size_ratio: 0.000000
2022/04/03-23:33:38.171263 7fad6eba8c80               Options.memtable_whole_key_filtering: 0
2022/04/03-23:33:38.171264 7fad6eba8c80   Options.memtable_huge_page_size: 0
2022/04/03-23:33:38.171265 7fad6eba8c80                           Options.bloom_locality: 0
2022/04/03-23:33:38.171266 7fad6eba8c80                    Options.max_successive_merges: 0
2022/04/03-23:33:38.171267 7fad6eba8c80                Options.optimize_filters_for_hits: 0
2022/04/03-23:33:38.171268 7fad6eba8c80                Options.paranoid_file_checks: 0
2022/04/03-23:33:38.171269 7fad6eba8c80                Options.force_consistency_checks: 1
2022/04/03-23:33:38.171270 7fad6eba8c80                Options.report_bg_io_stats: 0
2022/04/03-23:33:38.171271 7fad6eba8c80                               Options.ttl: 2592000
2022/04/03-23:33:38.171272 7fad6eba8c80          Options.periodic_compaction_seconds: 0
2022/04/03-23:33:38.171273 7fad6eba8c80                    Options.enable_blob_files: false
2022/04/03-23:33:38.171274 7fad6eba8c80                        Options.min_blob_size: 0
2022/04/03-23:33:38.171275 7fad6eba8c80                       Options.blob_file_size: 268435456
2022/04/03-23:33:38.171276 7fad6eba8c80                Options.blob_compression_type: NoCompression
2022/04/03-23:33:38.171277 7fad6eba8c80       Options.enable_blob_garbage_collection: false
2022/04/03-23:33:38.171278 7fad6eba8c80   Options.blob_garbage_collection_age_cutoff: 0.250000
2022/04/03-23:33:38.171729 7fad6eba8c80 [db/column_family.cc:595] --------------- Options for column family [RB]:
2022/04/03-23:33:38.171738 7fad6eba8c80               Options.comparator: leveldb.BytewiseComparator
2022/04/03-23:33:38.171740 7fad6eba8c80           Options.merge_operator: None
2022/04/03-23:33:38.171744 7fad6eba8c80        Options.compaction_filter: filter_outdated
2022/04/03-23:33:38.171745 7fad6eba8c80        Options.compaction_filter_factory: None
2022/04/03-23:33:38.171746 7fad6eba8c80  Options.sst_partitioner_factory: None
2022/04/03-23:33:38.171747 7fad6eba8c80         Options.memtable_factory: SkipListFactory
2022/04/03-23:33:38.171748 7fad6eba8c80            Options.table_factory: BlockBasedTable
2022/04/03-23:33:38.171771 7fad6eba8c80            table_factory options:   flush_block_policy_factory: FlushBlockBySizePolicyFactory (0x5645343b05f0)
  cache_index_and_filter_blocks: 0
  cache_index_and_filter_blocks_with_high_priority: 1
  pin_l0_filter_and_index_blocks_in_cache: 0
  pin_top_level_index_and_filter: 1
  index_type: 0
  data_block_index_type: 0
  index_shortening: 1
  data_block_hash_table_util_ratio: 0.750000
  hash_index_allow_collision: 1
  checksum: 1
  no_block_cache: 0
  block_cache: 0x5645343b0640
  block_cache_name: LRUCache
  block_cache_options:
    capacity : 8388608
    num_shard_bits : 4
    strict_capacity_limit : 0
    memory_allocator : None
    high_pri_pool_ratio: 0.000
  block_cache_compressed: (nil)
  persistent_cache: (nil)
  block_size: 4096
  block_size_deviation: 10
  block_restart_interval: 16
  index_block_restart_interval: 1
  metadata_block_size: 4096
  partition_filters: 0
  use_delta_encoding: 1
  filter_policy: nullptr
  whole_key_filtering: 1
  verify_compression: 0
  read_amp_bytes_per_bit: 0
  format_version: 4
  enable_index_compression: 1
  block_align: 0
2022/04/03-23:33:38.171779 7fad6eba8c80        Options.write_buffer_size: 67108864
2022/04/03-23:33:38.171790 7fad6eba8c80  Options.max_write_buffer_number: 2
2022/04/03-23:33:38.171791 7fad6eba8c80          Options.compression: NoCompression
2022/04/03-23:33:38.171792 7fad6eba8c80                  Options.bottommost_compression: Disabled
2022/04/03-23:33:38.171794 7fad6eba8c80       Options.prefix_extractor: nullptr
2022/04/03-23:33:38.171795 7fad6eba8c80   Options.memtable_insert_with_hint_prefix_extractor: nullptr
2022/04/03-23:33:38.171796 7fad6eba8c80             Options.num_levels: 7
2022/04/03-23:33:38.171797 7fad6eba8c80        Options.min_write_buffer_number_to_merge: 1
2022/04/03-23:33:38.171798 7fad6eba8c80     Options.max_write_buffer_number_to_maintain: 0
2022/04/03-23:33:38.171799 7fad6eba8c80     Options.max_write_buffer_size_to_maintain: 0
2022/04/03-23:33:38.171800 7fad6eba8c80            Options.bottommost_compression_opts.window_bits: -14
2022/04/03-23:33:38.171801 7fad6eba8c80                  Options.bottommost_compression_opts.level: 32767
2022/04/03-23:33:38.171802 7fad6eba8c80               Options.bottommost_compression_opts.strategy: 0
2022/04/03-23:33:38.171803 7fad6eba8c80         Options.bottommost_compression_opts.max_dict_bytes: 0
2022/04/03-23:33:38.171804 7fad6eba8c80         Options.bottommost_compression_opts.zstd_max_train_bytes: 0
2022/04/03-23:33:38.171805 7fad6eba8c80         Options.bottommost_compression_opts.parallel_threads: 1
2022/04/03-23:33:38.171806 7fad6eba8c80                  Options.bottommost_compression_opts.enabled: false
2022/04/03-23:33:38.171807 7fad6eba8c80            Options.compression_opts.window_bits: -14
2022/04/03-23:33:38.171808 7fad6eba8c80                  Options.compression_opts.level: 32767
2022/04/03-23:33:38.171809 7fad6eba8c80               Options.compression_opts.strategy: 0
2022/04/03-23:33:38.171810 7fad6eba8c80         Options.compression_opts.max_dict_bytes: 0
2022/04/03-23:33:38.171811 7fad6eba8c80         Options.compression_opts.zstd_max_train_bytes: 0
2022/04/03-23:33:38.171812 7fad6eba8c80         Options.compression_opts.parallel_threads: 1
2022/04/03-23:33:38.171813 7fad6eba8c80                  Options.compression_opts.enabled: false
2022/04/03-23:33:38.171814 7fad6eba8c80      Options.level0_file_num_compaction_trigger: 4
2022/04/03-23:33:38.171815 7fad6eba8c80          Options.level0_slowdown_writes_trigger: 20
2022/04/03-23:33:38.171816 7fad6eba8c80              Options.level0_stop_writes_trigger: 36
2022/04/03-23:33:38.171817 7fad6eba8c80                   Options.target_file_size_base: 67108864
2022/04/03-23:33:38.171819 7fad6eba8c80             Options.target_file_size_multiplier: 1
2022/04/03-23:33:38.171820 7fad6eba8c80                Options.max_bytes_for_level_base: 268435456
2022/04/03-23:33:38.171821 7fad6eba8c80 Options.level_compaction_dynamic_level_bytes: 0
2022/04/03-23:33:38.171822 7fad6eba8c80          Options.max_bytes_for_level_multiplier: 10.000000
2022/04/03-23:33:38.171824 7fad6eba8c80 Options.max_bytes_for_level_multiplier_addtl[0]: 1
2022/04/03-23:33:38.171825 7fad6eba8c80 Options.max_bytes_for_level_multiplier_addtl[1]: 1
2022/04/03-23:33:38.171826 7fad6eba8c80 Options.max_bytes_for_level_multiplier_addtl[2]: 1
2022/04/03-23:33:38.171827 7fad6eba8c80 Options.max_bytes_for_level_multiplier_addtl[3]: 1
2022/04/03-23:33:38.171828 7fad6eba8c80 Options.max_bytes_for_level_multiplier_addtl[4]: 1
2022/04/03-23:33:38.171829 7fad6eba8c80 Options.max_bytes_for_level_multiplier_addtl[5]: 1
2022/04/03-23:33:38.171830 7fad6eba8c80 Options.max_bytes_for_level_multiplier_addtl[6]: 1
2022/04/03-23:33:38.171831 7fad6eba8c80       Options.max_sequential_skip_in_iterations: 8
2022/04/03-23:33:38.171832 7fad6eba8c80                    Options.max_compaction_bytes: 1677721600
2022/04/03-23:33:38.171833 7fad6eba8c80                        Options.arena_block_size: 8388608
2022/04/03-23:33:38.171834 7fad6eba8c80   Options.soft_pending_compaction_bytes_limit: 68719476736
2022/04/03-23:33:38.171835 7fad6eba8c80   Options.hard_pending_compaction_bytes_limit: 274877906944
2022/04/03-23:33:38.171837 7fad6eba8c80       Options.rate_limit_delay_max_milliseconds: 100
2022/04/03-23:33:38.171842 7fad6eba8c80                Options.disable_auto_compactions: 1
2022/04/03-23:33:38.171843 7fad6eba8c80                        Options.compaction_style: kCompactionStyleLevel
2022/04/03-23:33:38.171845 7fad6eba8c80                          Options.compaction_pri: kMinOverlappingRatio
2022/04/03-23:33:38.171846 7fad6eba8c80 Options.compaction_options_universal.size_ratio: 1
2022/04/03-23:33:38.171847 7fad6eba8c80 Options.compaction_options_universal.min_merge_width: 2
2022/04/03-23:33:38.171848 7fad6eba8c80 Options.compaction_options_universal.max_merge_width: 4294967295
2022/04/03-23:33:38.171849 7fad6eba8c80 Options.compaction_options_universal.max_size_amplification_percent: 200
2022/04/03-23:33:38.171850 7fad6eba8c80 Options.compaction_options_universal.compression_size_percent: -1
2022/04/03-23:33:38.171851 7fad6eba8c80 Options.compaction_options_universal.stop_style: kCompactionStopStyleTotalSize
2022/04/03-23:33:38.171852 7fad6eba8c80 Options.compaction_options_fifo.max_table_files_size: 1073741824
2022/04/03-23:33:38.171854 7fad6eba8c80 Options.compaction_options_fifo.allow_compaction: 0
2022/04/03-23:33:38.171857 7fad6eba8c80                   Options.table_properties_collectors: 
2022/04/03-23:33:38.171858 7fad6eba8c80                   Options.inplace_update_support: 0
2022/04/03-23:33:38.171859 7fad6eba8c80                 Options.inplace_update_num_locks: 10000
2022/04/03-23:33:38.171860 7fad6eba8c80               Options.memtable_prefix_bloom_size_ratio: 0.000000
2022/04/03-23:33:38.171862 7fad6eba8c80               Options.memtable_whole_key_filtering: 0
2022/04/03-23:33:38.171863 7fad6eba8c80   Options.memtable_huge_page_size: 0
2022/04/03-23:33:38.171864 7fad6eba8c80                           Options.bloom_locality: 0
2022/04/03-23:33:38.171865 7fad6eba8c80                    Options.max_successive_merges: 0
2022/04/03-23:33:38.171866 7fad6eba8c80                Options.optimize_filters_for_hits: 0
2022/04/03-23:33:38.171867 7fad6eba8c80                Options.paranoid_file_checks: 0
2022/04/03-23:33:38.171868 7fad6eba8c80                Options.force_consistency_checks: 1
2022/04/03-23:33:38.171869 7fad6eba8c80                Options.report_bg_io_stats: 0
2022/04/03-23:33:38.171870 7fad6eba8c80                               Options.ttl: 2592000
2022/04/03-23:33:38.171871 7fad6eba8c80          Options.periodic_compaction_seconds: 2592000
2022/04/03-23:33:38.171872 7fad6eba8c80                    Options.enable_blob_files: false
2022/04/03-23:33:38.171873 7fad6eba8c80                        Options.min_blob_size: 0
2022/04/03-23:33:38.171874 7fad6eba8c80                       Options.blob_file_size: 268435456
2022/04/03-23:33:38.171875 7fad6eba8c80                Options.blob_compression_type: NoCompression
2022/04/03-23:33:38.171876 7fad6eba8c80       Options.enable_blob_garbage_collection: false
2022/04/03-23:33:38.171877 7fad6eba8c80   Options.blob_garbage_collection_age_cutoff: 0.250000
2022/04/03-23:33:38.171906 7fad6eba8c80 [db/column_family.cc:595] --------------- Options for column family [FZ]:
2022/04/03-23:33:38.171908 7fad6eba8c80               Options.comparator: leveldb.BytewiseComparator
2022/04/03-23:33:38.171909 7fad6eba8c80           Options.merge_operator: None
2022/04/03-23:33:38.171910 7fad6eba8c80        Options.compaction_filter: filter_outdated
2022/04/03-23:33:38.171911 7fad6eba8c80        Options.compaction_filter_factory: None
2022/04/03-23:33:38.171912 7fad6eba8c80  Options.sst_partitioner_factory: None
2022/04/03-23:33:38.171913 7fad6eba8c80         Options.memtable_factory: SkipListFactory
2022/04/03-23:33:38.171914 7fad6eba8c80            Options.table_factory: BlockBasedTable
2022/04/03-23:33:38.171930 7fad6eba8c80            table_factory options:   flush_block_policy_factory: FlushBlockBySizePolicyFactory (0x5645343b28a0)
  cache_index_and_filter_blocks: 0
  cache_index_and_filter_blocks_with_high_priority: 1
  pin_l0_filter_and_index_blocks_in_cache: 0
  pin_top_level_index_and_filter: 1
  index_type: 0
  data_block_index_type: 0
  index_shortening: 1
  data_block_hash_table_util_ratio: 0.750000
  hash_index_allow_collision: 1
  checksum: 1
  no_block_cache: 0
  block_cache: 0x5645343b28f0
  block_cache_name: LRUCache
  block_cache_options:
    capacity : 8388608
    num_shard_bits : 4
    strict_capacity_limit : 0
    memory_allocator : None
    high_pri_pool_ratio: 0.000
  block_cache_compressed: (nil)
  persistent_cache: (nil)
  block_size: 4096
  block_size_deviation: 10
  block_restart_interval: 16
  index_block_restart_interval: 1
  metadata_block_size: 4096
  partition_filters: 0
  use_delta_encoding: 1
  filter_policy: nullptr
  whole_key_filtering: 1
  verify_compression: 0
  read_amp_bytes_per_bit: 0
  format_version: 4
  enable_index_compression: 1
  block_align: 0
2022/04/03-23:33:38.171936 7fad6eba8c80        Options.write_buffer_size: 67108864
2022/04/03-23:33:38.171937 7fad6eba8c80  Options.max_write_buffer_number: 2
2022/04/03-23:33:38.171938 7fad6eba8c80          Options.compression: NoCompression
2022/04/03-23:33:38.171939 7fad6eba8c80                  Options.bottommost_compression: Disabled
2022/04/03-23:33:38.171940 7fad6eba8c80       Options.prefix_extractor: nullptr
2022/04/03-23:33:38.171941 7fad6eba8c80   Options.memtable_insert_with_hint_prefix_extractor: nullptr
2022/04/03-23:33:38.171942 7fad6eba8c80             Options.num_levels: 7
2022/04/03-23:33:38.171943 7fad6eba8c80        Options.min_write_buffer_number_to_merge: 1
2022/04/03-23:33:38.171944 7fad6eba8c80     Options.max_write_buffer_number_to_maintain: 0
2022/04/03-23:33:38.171945 7fad6eba8c80     Options.max_write_buffer_size_to_maintain: 0
2022/04/03-23:33:38.171946 7fad6eba8c80            Options.bottommost_compression_opts.window_bits: -14
2022/04/03-23:33:38.171947 7fad6eba8c80                  Options.bottommost_compression_opts.level: 32767
2022/04/03-23:33:38.171948 7fad6eba8c80               Options.bottommost_compression_opts.strategy: 0
2022/04/03-23:33:38.171949 7fad6eba8c80         Options.bottommost_compression_opts.max_dict_bytes: 0
2022/04/03-23:33:38.171950 7fad6eba8c80         Options.bottommost_compression_opts.zstd_max_train_bytes: 0
2022/04/03-23:33:38.171951 7fad6eba8c80         Options.bottommost_compression_opts.parallel_threads: 1
2022/04/03-23:33:38.171952 7fad6eba8c80                  Options.bottommost_compression_opts.enabled: false
2022/04/03-23:33:38.171953 7fad6eba8c80            Options.compression_opts.window_bits: -14
2022/04/03-23:33:38.171954 7fad6eba8c80                  Options.compression_opts.level: 32767
2022/04/03-23:33:38.171955 7fad6eba8c80               Options.compression_opts.strategy: 0
2022/04/03-23:33:38.171956 7fad6eba8c80         Options.compression_opts.max_dict_bytes: 0
2022/04/03-23:33:38.171957 7fad6eba8c80         Options.compression_opts.zstd_max_train_bytes: 0
2022/04/03-23:33:38.171958 7fad6eba8c80         Options.compression_opts.parallel_threads: 1
2022/04/03-23:33:38.171959 7fad6eba8c80                  Options.compression_opts.enabled: false
2022/04/03-23:33:38.171960 7fad6eba8c80      Options.level0_file_num_compaction_trigger: 4
2022/04/03-23:33:38.171961 7fad6eba8c80          Options.level0_slowdown_writes_trigger: 20
2022/04/03-23:33:38.171962 7fad6eba8c80              Options.level0_stop_writes_trigger: 36
2022/04/03-23:33:38.171963 7fad6eba8c80                   Options.target_file_size_base: 67108864
2022/04/03-23:33:38.171964 7fad6eba8c80             Options.target_file_size_multiplier: 1
2022/04/03-23:33:38.171979 7fad6eba8c80                Options.max_bytes_for_level_base: 268435456
2022/04/03-23:33:38.171982 7fad6eba8c80 Options.level_compaction_dynamic_level_bytes: 0
2022/04/03-23:33:38.171983 7fad6eba8c80          Options.max_bytes_for_level_multiplier: 10.000000
2022/04/03-23:33:38.171986 7fad6eba8c80 Options.max_bytes_for_level_multiplier_addtl[0]: 1
2022/04/03-23:33:38.171987 7fad6eba8c80 Options.max_bytes_for_level_multiplier_addtl[1]: 1
2022/04/03-23:33:38.171988 7fad6eba8c80 Options.max_bytes_for_level_multiplier_addtl[2]: 1
2022/04/03-23:33:38.171989 7fad6eba8c80 Options.max_bytes_for_level_multiplier_addtl[3]: 1
2022/04/03-23:33:38.172000 7fad6eba8c80 Options.max_bytes_for_level_multiplier_addtl[4]: 1
2022/04/03-23:33:38.172001 7fad6eba8c80 Options.max_bytes_for_level_multiplier_addtl[5]: 1
2022/04/03-23:33:38.172002 7fad6eba8c80 Options.max_bytes_for_level_multiplier_addtl[6]: 1
2022/04/03-23:33:38.172003 7fad6eba8c80       Options.max_sequential_skip_in_iterations: 8
2022/04/03-23:33:38.172004 7fad6eba8c80                    Options.max_compaction_bytes: 1677721600
2022/04/03-23:33:38.172005 7fad6eba8c80                        Options.arena_block_size: 8388608
2022/04/03-23:33:38.172006 7fad6eba8c80   Options.soft_pending_compaction_bytes_limit: 68719476736
2022/04/03-23:33:38.172007 7fad6eba8c80   Options.hard_pending_compaction_bytes_limit: 274877906944
2022/04/03-23:33:38.172008 7fad6eba8c80       Options.rate_limit_delay_max_milliseconds: 100
2022/04/03-23:33:38.172009 7fad6eba8c80                Options.disable_auto_compactions: 1
2022/04/03-23:33:38.172011 7fad6eba8c80                        Options.compaction_style: kCompactionStyleLevel
2022/04/03-23:33:38.172012 7fad6eba8c80                          Options.compaction_pri: kMinOverlappingRatio
2022/04/03-23:33:38.172013 7fad6eba8c80 Options.compaction_options_universal.size_ratio: 1
2022/04/03-23:33:38.172014 7fad6eba8c80 Options.compaction_options_universal.min_merge_width: 2
2022/04/03-23:33:38.172015 7fad6eba8c80 Options.compaction_options_universal.max_merge_width: 4294967295
2022/04/03-23:33:38.172016 7fad6eba8c80 Options.compaction_options_universal.max_size_amplification_percent: 200
2022/04/03-23:33:38.172017 7fad6eba8c80 Options.compaction_options_universal.compression_size_percent: -1
2022/04/03-23:33:38.172019 7fad6eba8c80 Options.compaction_options_universal.stop_style: kCompactionStopStyleTotalSize
2022/04/03-23:33:38.172020 7fad6eba8c80 Options.compaction_options_fifo.max_table_files_size: 1073741824
2022/04/03-23:33:38.172021 7fad6eba8c80 Options.compaction_options_fifo.allow_compaction: 0
2022/04/03-23:33:38.172023 7fad6eba8c80                   Options.table_properties_collectors: 
2022/04/03-23:33:38.172024 7fad6eba8c80                   Options.inplace_update_support: 0
2022/04/03-23:33:38.172025 7fad6eba8c80                 Options.inplace_update_num_locks: 10000
2022/04/03-23:33:38.172026 7fad6eba8c80               Options.memtable_prefix_bloom_size_ratio: 0.000000
2022/04/03-23:33:38.172028 7fad6eba8c80               Options.memtable_whole_key_filtering: 0
2022/04/03-23:33:38.172029 7fad6eba8c80   Options.memtable_huge_page_size: 0
2022/04/03-23:33:38.172030 7fad6eba8c80                           Options.bloom_locality: 0
2022/04/03-23:33:38.172031 7fad6eba8c80                    Options.max_successive_merges: 0
2022/04/03-23:33:38.172032 7fad6eba8c80                Options.optimize_filters_for_hits: 0
2022/04/03-23:33:38.172033 7fad6eba8c80                Options.paranoid_file_checks: 0
2022/04/03-23:33:38.172051 7fad6eba8c80                Options.force_consistency_checks: 1
2022/04/03-23:33:38.172052 7fad6eba8c80                Options.report_bg_io_stats: 0
2022/04/03-23:33:38.172053 7fad6eba8c80                               Options.ttl: 2592000
2022/04/03-23:33:38.172055 7fad6eba8c80          Options.periodic_compaction_seconds: 2592000
2022/04/03-23:33:38.172056 7fad6eba8c80                    Options.enable_blob_files: false
2022/04/03-23:33:38.172057 7fad6eba8c80                        Options.min_blob_size: 0
2022/04/03-23:33:38.172058 7fad6eba8c80                       Options.blob_file_size: 268435456
2022/04/03-23:33:38.172059 7fad6eba8c80                Options.blob_compression_type: NoCompression
2022/04/03-23:33:38.172060 7fad6eba8c80       Options.enable_blob_garbage_collection: false
2022/04/03-23:33:38.172061 7fad6eba8c80   Options.blob_garbage_collection_age_cutoff: 0.250000
2022/04/03-23:33:38.172101 7fad6eba8c80 [db/column_family.cc:595] --------------- Options for column family [NZ]:
2022/04/03-23:33:38.172103 7fad6eba8c80               Options.comparator: leveldb.BytewiseComparator
2022/04/03-23:33:38.172114 7fad6eba8c80           Options.merge_operator: None
2022/04/03-23:33:38.172115 7fad6eba8c80        Options.compaction_filter: filter_outdated
2022/04/03-23:33:38.172116 7fad6eba8c80        Options.compaction_filter_factory: None
2022/04/03-23:33:38.172118 7fad6eba8c80  Options.sst_partitioner_factory: None
2022/04/03-23:33:38.172119 7fad6eba8c80         Options.memtable_factory: SkipListFactory
2022/04/03-23:33:38.172120 7fad6eba8c80            Options.table_factory: BlockBasedTable
2022/04/03-23:33:38.172138 7fad6eba8c80            table_factory options:   flush_block_policy_factory: FlushBlockBySizePolicyFactory (0x5645343b4b50)
  cache_index_and_filter_blocks: 0
  cache_index_and_filter_blocks_with_high_priority: 1
  pin_l0_filter_and_index_blocks_in_cache: 0
  pin_top_level_index_and_filter: 1
  index_type: 0
  data_block_index_type: 0
  index_shortening: 1
  data_block_hash_table_util_ratio: 0.750000
  hash_index_allow_collision: 1
  checksum: 1
  no_block_cache: 0
  block_cache: 0x5645343b4ba0
  block_cache_name: LRUCache
  block_cache_options:
    capacity : 8388608
    num_shard_bits : 4
    strict_capacity_limit : 0
    memory_allocator : None
    high_pri_pool_ratio: 0.000
  block_cache_compressed: (nil)
  persistent_cache: (nil)
  block_size: 4096
  block_size_deviation: 10
  block_restart_interval: 16
  index_block_restart_interval: 1
  metadata_block_size: 4096
  partition_filters: 0
  use_delta_encoding: 1
  filter_policy: nullptr
  whole_key_filtering: 1
  verify_compression: 0
  read_amp_bytes_per_bit: 0
  format_version: 4
  enable_index_compression: 1
  block_align: 0
2022/04/03-23:33:38.172144 7fad6eba8c80        Options.write_buffer_size: 67108864
2022/04/03-23:33:38.172145 7fad6eba8c80  Options.max_write_buffer_number: 2
2022/04/03-23:33:38.172147 7fad6eba8c80          Options.compression: NoCompression
2022/04/03-23:33:38.172148 7fad6eba8c80                  Options.bottommost_compression: Disabled
2022/04/03-23:33:38.172149 7fad6eba8c80       Options.prefix_extractor: nullptr
2022/04/03-23:33:38.172150 7fad6eba8c80   Options.memtable_insert_with_hint_prefix_extractor: nullptr
2022/04/03-23:33:38.172151 7fad6eba8c80             Options.num_levels: 7
2022/04/03-23:33:38.172152 7fad6eba8c80        Options.min_write_buffer_number_to_merge: 1
2022/04/03-23:33:38.172153 7fad6eba8c80     Options.max_write_buffer_number_to_maintain: 0
2022/04/03-23:33:38.172154 7fad6eba8c80     Options.max_write_buffer_size_to_maintain: 0
2022/04/03-23:33:38.172155 7fad6eba8c80            Options.bottommost_compression_opts.window_bits: -14
2022/04/03-23:33:38.172156 7fad6eba8c80                  Options.bottommost_compression_opts.level: 32767
2022/04/03-23:33:38.172157 7fad6eba8c80               Options.bottommost_compression_opts.strategy: 0
2022/04/03-23:33:38.172158 7fad6eba8c80         Options.bottommost_compression_opts.max_dict_bytes: 0
