2022/02/13-00:43:42.730459 7f7926019f80 RocksDB version: 6.12.7
2022/02/13-00:43:42.730604 7f7926019f80 Git sha rocksdb_build_git_sha:@0@
2022/02/13-00:43:42.730608 7f7926019f80 Compile date Jan  1 1980
2022/02/13-00:43:42.730678 7f7926019f80 DB SUMMARY
2022/02/13-00:43:42.730681 7f7926019f80 DB Session ID:  QJQTF97YID28TY218A1P
2022/02/13-00:43:42.730760 7f7926019f80 CURRENT file:  CURRENT
2022/02/13-00:43:42.730763 7f7926019f80 IDENTITY file:  IDENTITY
2022/02/13-00:43:42.730769 7f7926019f80 MANIFEST file:  MANIFEST-000231 size: 6338 Bytes
2022/02/13-00:43:42.730773 7f7926019f80 SST files in /home/patrick/InternetComputer/Hyperspace1/v0/NewWaveV0/0.0.1/.dfx/state/replicated_state/node-100/ic_consensus_pool/consensus dir, Total Num: 12, files: 000235.sst 000236.sst 000237.sst 000238.sst 000239.sst 000240.sst 000241.sst 000242.sst 000243.sst 
2022/02/13-00:43:42.730776 7f7926019f80 Write Ahead Log file in /home/patrick/InternetComputer/Hyperspace1/v0/NewWaveV0/0.0.1/.dfx/state/replicated_state/node-100/ic_consensus_pool/consensus: 000232.log size: 47990 ; 
2022/02/13-00:43:42.730779 7f7926019f80                         Options.error_if_exists: 0
2022/02/13-00:43:42.730782 7f7926019f80                       Options.create_if_missing: 1
2022/02/13-00:43:42.730784 7f7926019f80                         Options.paranoid_checks: 1
2022/02/13-00:43:42.730786 7f7926019f80                                     Options.env: 0x55dc5b36c8e0
2022/02/13-00:43:42.730789 7f7926019f80                                      Options.fs: Posix File System
2022/02/13-00:43:42.730791 7f7926019f80                                Options.info_log: 0x7f7925c5e850
2022/02/13-00:43:42.730793 7f7926019f80                Options.max_file_opening_threads: 16
2022/02/13-00:43:42.730795 7f7926019f80                              Options.statistics: (nil)
2022/02/13-00:43:42.730798 7f7926019f80                               Options.use_fsync: 1
2022/02/13-00:43:42.730800 7f7926019f80                       Options.max_log_file_size: 0
2022/02/13-00:43:42.730802 7f7926019f80                  Options.max_manifest_file_size: 1073741824
2022/02/13-00:43:42.730804 7f7926019f80                   Options.log_file_time_to_roll: 0
2022/02/13-00:43:42.730806 7f7926019f80                       Options.keep_log_file_num: 1000
2022/02/13-00:43:42.730808 7f7926019f80                    Options.recycle_log_file_num: 0
2022/02/13-00:43:42.730810 7f7926019f80                         Options.allow_fallocate: 1
2022/02/13-00:43:42.730812 7f7926019f80                        Options.allow_mmap_reads: 0
2022/02/13-00:43:42.730814 7f7926019f80                       Options.allow_mmap_writes: 0
2022/02/13-00:43:42.730816 7f7926019f80                        Options.use_direct_reads: 0
2022/02/13-00:43:42.730818 7f7926019f80                        Options.use_direct_io_for_flush_and_compaction: 0
2022/02/13-00:43:42.730820 7f7926019f80          Options.create_missing_column_families: 1
2022/02/13-00:43:42.730822 7f7926019f80                              Options.db_log_dir: 
2022/02/13-00:43:42.730825 7f7926019f80                                 Options.wal_dir: /home/patrick/InternetComputer/Hyperspace1/v0/NewWaveV0/0.0.1/.dfx/state/replicated_state/node-100/ic_consensus_pool/consensus
2022/02/13-00:43:42.730827 7f7926019f80                Options.table_cache_numshardbits: 6
2022/02/13-00:43:42.730829 7f7926019f80                         Options.WAL_ttl_seconds: 0
2022/02/13-00:43:42.730831 7f7926019f80                       Options.WAL_size_limit_MB: 0
2022/02/13-00:43:42.730833 7f7926019f80                        Options.max_write_batch_group_size_bytes: 1048576
2022/02/13-00:43:42.730835 7f7926019f80             Options.manifest_preallocation_size: 4194304
2022/02/13-00:43:42.730837 7f7926019f80                     Options.is_fd_close_on_exec: 1
2022/02/13-00:43:42.730839 7f7926019f80                   Options.advise_random_on_open: 1
2022/02/13-00:43:42.730841 7f7926019f80                    Options.db_write_buffer_size: 0
2022/02/13-00:43:42.730844 7f7926019f80                    Options.write_buffer_manager: 0x7f7925ca8830
2022/02/13-00:43:42.730846 7f7926019f80         Options.access_hint_on_compaction_start: 1
2022/02/13-00:43:42.730864 7f7926019f80  Options.new_table_reader_for_compaction_inputs: 0
2022/02/13-00:43:42.730866 7f7926019f80           Options.random_access_max_buffer_size: 1048576
2022/02/13-00:43:42.730868 7f7926019f80                      Options.use_adaptive_mutex: 0
2022/02/13-00:43:42.730870 7f7926019f80                            Options.rate_limiter: (nil)
2022/02/13-00:43:42.730873 7f7926019f80     Options.sst_file_manager.rate_bytes_per_sec: 0
2022/02/13-00:43:42.730875 7f7926019f80                       Options.wal_recovery_mode: 2
2022/02/13-00:43:42.730877 7f7926019f80                  Options.enable_thread_tracking: 0
2022/02/13-00:43:42.730879 7f7926019f80                  Options.enable_pipelined_write: 0
2022/02/13-00:43:42.730881 7f7926019f80                  Options.unordered_write: 0
2022/02/13-00:43:42.730883 7f7926019f80         Options.allow_concurrent_memtable_write: 1
2022/02/13-00:43:42.730885 7f7926019f80      Options.enable_write_thread_adaptive_yield: 1
2022/02/13-00:43:42.730887 7f7926019f80             Options.write_thread_max_yield_usec: 100
2022/02/13-00:43:42.730889 7f7926019f80            Options.write_thread_slow_yield_usec: 3
2022/02/13-00:43:42.730891 7f7926019f80                               Options.row_cache: None
2022/02/13-00:43:42.730893 7f7926019f80                              Options.wal_filter: None
2022/02/13-00:43:42.730896 7f7926019f80             Options.avoid_flush_during_recovery: 0
2022/02/13-00:43:42.730898 7f7926019f80             Options.allow_ingest_behind: 0
2022/02/13-00:43:42.730900 7f7926019f80             Options.preserve_deletes: 0
2022/02/13-00:43:42.730902 7f7926019f80             Options.two_write_queues: 0
2022/02/13-00:43:42.730904 7f7926019f80             Options.manual_wal_flush: 0
2022/02/13-00:43:42.730906 7f7926019f80             Options.atomic_flush: 0
2022/02/13-00:43:42.730908 7f7926019f80             Options.avoid_unnecessary_blocking_io: 0
2022/02/13-00:43:42.730910 7f7926019f80                 Options.persist_stats_to_disk: 0
2022/02/13-00:43:42.730912 7f7926019f80                 Options.write_dbid_to_manifest: 0
2022/02/13-00:43:42.730914 7f7926019f80                 Options.log_readahead_size: 0
2022/02/13-00:43:42.730916 7f7926019f80                 Options.file_checksum_gen_factory: Unknown
2022/02/13-00:43:42.730919 7f7926019f80                 Options.best_efforts_recovery: 0
2022/02/13-00:43:42.730921 7f7926019f80                Options.max_bgerror_resume_count: 2147483647
2022/02/13-00:43:42.730923 7f7926019f80            Options.bgerror_resume_retry_interval: 1000000
2022/02/13-00:43:42.730925 7f7926019f80             Options.max_background_jobs: 2
2022/02/13-00:43:42.730927 7f7926019f80             Options.max_background_compactions: -1
2022/02/13-00:43:42.730929 7f7926019f80             Options.max_subcompactions: 1
2022/02/13-00:43:42.730931 7f7926019f80             Options.avoid_flush_during_shutdown: 0
2022/02/13-00:43:42.730933 7f7926019f80           Options.writable_file_max_buffer_size: 1048576
2022/02/13-00:43:42.730935 7f7926019f80             Options.delayed_write_rate : 16777216
2022/02/13-00:43:42.730937 7f7926019f80             Options.max_total_wal_size: 0
2022/02/13-00:43:42.730939 7f7926019f80             Options.delete_obsolete_files_period_micros: 21600000000
2022/02/13-00:43:42.730942 7f7926019f80                   Options.stats_dump_period_sec: 600
2022/02/13-00:43:42.730944 7f7926019f80                 Options.stats_persist_period_sec: 600
2022/02/13-00:43:42.730946 7f7926019f80                 Options.stats_history_buffer_size: 1048576
2022/02/13-00:43:42.730948 7f7926019f80                          Options.max_open_files: -1
2022/02/13-00:43:42.730950 7f7926019f80                          Options.bytes_per_sync: 0
2022/02/13-00:43:42.730952 7f7926019f80                      Options.wal_bytes_per_sync: 0
2022/02/13-00:43:42.730954 7f7926019f80                   Options.strict_bytes_per_sync: 0
2022/02/13-00:43:42.730956 7f7926019f80       Options.compaction_readahead_size: 0
2022/02/13-00:43:42.730967 7f7926019f80                  Options.max_background_flushes: -1
2022/02/13-00:43:42.730969 7f7926019f80 Compression algorithms supported:
2022/02/13-00:43:42.730972 7f7926019f80 	kZSTDNotFinalCompression supported: 1
2022/02/13-00:43:42.730980 7f7926019f80 	kZSTD supported: 1
2022/02/13-00:43:42.730983 7f7926019f80 	kXpressCompression supported: 0
2022/02/13-00:43:42.730985 7f7926019f80 	kLZ4HCCompression supported: 1
2022/02/13-00:43:42.730987 7f7926019f80 	kLZ4Compression supported: 1
2022/02/13-00:43:42.730990 7f7926019f80 	kBZip2Compression supported: 1
2022/02/13-00:43:42.730992 7f7926019f80 	kZlibCompression supported: 1
2022/02/13-00:43:42.730994 7f7926019f80 	kSnappyCompression supported: 1
2022/02/13-00:43:42.731003 7f7926019f80 Fast CRC32 supported: Supported on x86
2022/02/13-00:43:42.731099 7f7926019f80 [db/version_set.cc:4559] Recovering from manifest file: /home/patrick/InternetComputer/Hyperspace1/v0/NewWaveV0/0.0.1/.dfx/state/replicated_state/node-100/ic_consensus_pool/consensus/MANIFEST-000231
2022/02/13-00:43:42.731269 7f7926019f80 [db/column_family.cc:578] --------------- Options for column family [default]:
2022/02/13-00:43:42.731274 7f7926019f80               Options.comparator: leveldb.BytewiseComparator
2022/02/13-00:43:42.731278 7f7926019f80           Options.merge_operator: None
2022/02/13-00:43:42.731280 7f7926019f80        Options.compaction_filter: None
2022/02/13-00:43:42.731282 7f7926019f80        Options.compaction_filter_factory: None
2022/02/13-00:43:42.731284 7f7926019f80  Options.sst_partitioner_factory: None
2022/02/13-00:43:42.731286 7f7926019f80         Options.memtable_factory: SkipListFactory
2022/02/13-00:43:42.731288 7f7926019f80            Options.table_factory: BlockBasedTable
2022/02/13-00:43:42.731340 7f7926019f80            table_factory options:   flush_block_policy_factory: FlushBlockBySizePolicyFactory (0x7f7925c915c8)
  cache_index_and_filter_blocks: 0
  cache_index_and_filter_blocks_with_high_priority: 1
  pin_l0_filter_and_index_blocks_in_cache: 0
  pin_top_level_index_and_filter: 1
  index_type: 0
  data_block_index_type: 0
  index_shortening: 1
  data_block_hash_table_util_ratio: 0.750000
  hash_index_allow_collision: 1
  checksum: 1
  no_block_cache: 0
  block_cache: 0x7f79246cef90
  block_cache_name: LRUCache
  block_cache_options:
    capacity : 8388608
    num_shard_bits : 4
    strict_capacity_limit : 0
    memory_allocator : None
    high_pri_pool_ratio: 0.000
  block_cache_compressed: (nil)
  persistent_cache: (nil)
  block_size: 4096
  block_size_deviation: 10
  block_restart_interval: 16
  index_block_restart_interval: 1
  metadata_block_size: 4096
  partition_filters: 0
  use_delta_encoding: 1
  filter_policy: nullptr
  whole_key_filtering: 1
  verify_compression: 0
  read_amp_bytes_per_bit: 0
  format_version: 4
  enable_index_compression: 1
  block_align: 0
2022/02/13-00:43:42.731345 7f7926019f80        Options.write_buffer_size: 67108864
2022/02/13-00:43:42.731347 7f7926019f80  Options.max_write_buffer_number: 2
2022/02/13-00:43:42.731350 7f7926019f80          Options.compression: Snappy
2022/02/13-00:43:42.731352 7f7926019f80                  Options.bottommost_compression: Disabled
2022/02/13-00:43:42.731355 7f7926019f80       Options.prefix_extractor: nullptr
2022/02/13-00:43:42.731357 7f7926019f80   Options.memtable_insert_with_hint_prefix_extractor: nullptr
2022/02/13-00:43:42.731359 7f7926019f80             Options.num_levels: 7
2022/02/13-00:43:42.731361 7f7926019f80        Options.min_write_buffer_number_to_merge: 1
2022/02/13-00:43:42.731363 7f7926019f80     Options.max_write_buffer_number_to_maintain: 0
2022/02/13-00:43:42.731365 7f7926019f80     Options.max_write_buffer_size_to_maintain: 0
2022/02/13-00:43:42.731367 7f7926019f80            Options.bottommost_compression_opts.window_bits: -14
2022/02/13-00:43:42.731370 7f7926019f80                  Options.bottommost_compression_opts.level: 32767
2022/02/13-00:43:42.731372 7f7926019f80               Options.bottommost_compression_opts.strategy: 0
2022/02/13-00:43:42.731389 7f7926019f80         Options.bottommost_compression_opts.max_dict_bytes: 0
2022/02/13-00:43:42.731391 7f7926019f80         Options.bottommost_compression_opts.zstd_max_train_bytes: 0
2022/02/13-00:43:42.731393 7f7926019f80         Options.bottommost_compression_opts.parallel_threads: 1
2022/02/13-00:43:42.731395 7f7926019f80                  Options.bottommost_compression_opts.enabled: false
2022/02/13-00:43:42.731397 7f7926019f80            Options.compression_opts.window_bits: -14
2022/02/13-00:43:42.731400 7f7926019f80                  Options.compression_opts.level: 32767
2022/02/13-00:43:42.731402 7f7926019f80               Options.compression_opts.strategy: 0
2022/02/13-00:43:42.731404 7f7926019f80         Options.compression_opts.max_dict_bytes: 0
2022/02/13-00:43:42.731406 7f7926019f80         Options.compression_opts.zstd_max_train_bytes: 0
2022/02/13-00:43:42.731408 7f7926019f80         Options.compression_opts.parallel_threads: 1
2022/02/13-00:43:42.731410 7f7926019f80                  Options.compression_opts.enabled: false
2022/02/13-00:43:42.731412 7f7926019f80      Options.level0_file_num_compaction_trigger: 4
2022/02/13-00:43:42.731414 7f7926019f80          Options.level0_slowdown_writes_trigger: 20
2022/02/13-00:43:42.731416 7f7926019f80              Options.level0_stop_writes_trigger: 36
2022/02/13-00:43:42.731419 7f7926019f80                   Options.target_file_size_base: 67108864
2022/02/13-00:43:42.731421 7f7926019f80             Options.target_file_size_multiplier: 1
2022/02/13-00:43:42.731423 7f7926019f80                Options.max_bytes_for_level_base: 268435456
2022/02/13-00:43:42.731425 7f7926019f80 Options.level_compaction_dynamic_level_bytes: 0
2022/02/13-00:43:42.731427 7f7926019f80          Options.max_bytes_for_level_multiplier: 10.000000
2022/02/13-00:43:42.731432 7f7926019f80 Options.max_bytes_for_level_multiplier_addtl[0]: 1
2022/02/13-00:43:42.731435 7f7926019f80 Options.max_bytes_for_level_multiplier_addtl[1]: 1
2022/02/13-00:43:42.731437 7f7926019f80 Options.max_bytes_for_level_multiplier_addtl[2]: 1
2022/02/13-00:43:42.731439 7f7926019f80 Options.max_bytes_for_level_multiplier_addtl[3]: 1
2022/02/13-00:43:42.731441 7f7926019f80 Options.max_bytes_for_level_multiplier_addtl[4]: 1
2022/02/13-00:43:42.731443 7f7926019f80 Options.max_bytes_for_level_multiplier_addtl[5]: 1
2022/02/13-00:43:42.731445 7f7926019f80 Options.max_bytes_for_level_multiplier_addtl[6]: 1
2022/02/13-00:43:42.731447 7f7926019f80       Options.max_sequential_skip_in_iterations: 8
2022/02/13-00:43:42.731449 7f7926019f80                    Options.max_compaction_bytes: 1677721600
2022/02/13-00:43:42.731451 7f7926019f80                        Options.arena_block_size: 8388608
2022/02/13-00:43:42.731453 7f7926019f80   Options.soft_pending_compaction_bytes_limit: 68719476736
2022/02/13-00:43:42.731456 7f7926019f80   Options.hard_pending_compaction_bytes_limit: 274877906944
2022/02/13-00:43:42.731458 7f7926019f80       Options.rate_limit_delay_max_milliseconds: 100
2022/02/13-00:43:42.731460 7f7926019f80                Options.disable_auto_compactions: 0
2022/02/13-00:43:42.731463 7f7926019f80                        Options.compaction_style: kCompactionStyleLevel
2022/02/13-00:43:42.731466 7f7926019f80                          Options.compaction_pri: kMinOverlappingRatio
2022/02/13-00:43:42.731468 7f7926019f80 Options.compaction_options_universal.size_ratio: 1
2022/02/13-00:43:42.731470 7f7926019f80 Options.compaction_options_universal.min_merge_width: 2
2022/02/13-00:43:42.731473 7f7926019f80 Options.compaction_options_universal.max_merge_width: 4294967295
2022/02/13-00:43:42.731475 7f7926019f80 Options.compaction_options_universal.max_size_amplification_percent: 200
2022/02/13-00:43:42.731477 7f7926019f80 Options.compaction_options_universal.compression_size_percent: -1
2022/02/13-00:43:42.731480 7f7926019f80 Options.compaction_options_universal.stop_style: kCompactionStopStyleTotalSize
2022/02/13-00:43:42.731482 7f7926019f80 Options.compaction_options_fifo.max_table_files_size: 1073741824
2022/02/13-00:43:42.731494 7f7926019f80 Options.compaction_options_fifo.allow_compaction: 0
2022/02/13-00:43:42.731507 7f7926019f80                   Options.table_properties_collectors: 
2022/02/13-00:43:42.731509 7f7926019f80                   Options.inplace_update_support: 0
2022/02/13-00:43:42.731511 7f7926019f80                 Options.inplace_update_num_locks: 10000
2022/02/13-00:43:42.731513 7f7926019f80               Options.memtable_prefix_bloom_size_ratio: 0.000000
2022/02/13-00:43:42.731516 7f7926019f80               Options.memtable_whole_key_filtering: 0
2022/02/13-00:43:42.731518 7f7926019f80   Options.memtable_huge_page_size: 0
2022/02/13-00:43:42.731520 7f7926019f80                           Options.bloom_locality: 0
2022/02/13-00:43:42.731522 7f7926019f80                    Options.max_successive_merges: 0
2022/02/13-00:43:42.731524 7f7926019f80                Options.optimize_filters_for_hits: 0
2022/02/13-00:43:42.731526 7f7926019f80                Options.paranoid_file_checks: 0
2022/02/13-00:43:42.731528 7f7926019f80                Options.force_consistency_checks: 0
2022/02/13-00:43:42.731530 7f7926019f80                Options.report_bg_io_stats: 0
2022/02/13-00:43:42.731532 7f7926019f80                               Options.ttl: 2592000
2022/02/13-00:43:42.731534 7f7926019f80          Options.periodic_compaction_seconds: 0
2022/02/13-00:43:42.731622 7f7926019f80 [db/column_family.cc:578] --------------- Options for column family [RB]:
2022/02/13-00:43:42.731625 7f7926019f80               Options.comparator: leveldb.BytewiseComparator
2022/02/13-00:43:42.731627 7f7926019f80           Options.merge_operator: None
2022/02/13-00:43:42.731633 7f7926019f80        Options.compaction_filter: filter_outdated
2022/02/13-00:43:42.731635 7f7926019f80        Options.compaction_filter_factory: None
2022/02/13-00:43:42.731637 7f7926019f80  Options.sst_partitioner_factory: None
2022/02/13-00:43:42.731639 7f7926019f80         Options.memtable_factory: SkipListFactory
2022/02/13-00:43:42.731641 7f7926019f80            Options.table_factory: BlockBasedTable
2022/02/13-00:43:42.731670 7f7926019f80            table_factory options:   flush_block_policy_factory: FlushBlockBySizePolicyFactory (0x7f7925c914a0)
  cache_index_and_filter_blocks: 0
  cache_index_and_filter_blocks_with_high_priority: 1
  pin_l0_filter_and_index_blocks_in_cache: 0
  pin_top_level_index_and_filter: 1
  index_type: 0
  data_block_index_type: 0
  index_shortening: 1
  data_block_hash_table_util_ratio: 0.750000
  hash_index_allow_collision: 1
  checksum: 1
  no_block_cache: 0
  block_cache: 0x7f7925c45910
  block_cache_name: LRUCache
  block_cache_options:
    capacity : 8388608
    num_shard_bits : 4
    strict_capacity_limit : 0
    memory_allocator : None
    high_pri_pool_ratio: 0.000
  block_cache_compressed: (nil)
  persistent_cache: (nil)
  block_size: 4096
  block_size_deviation: 10
  block_restart_interval: 16
  index_block_restart_interval: 1
  metadata_block_size: 4096
  partition_filters: 0
  use_delta_encoding: 1
  filter_policy: nullptr
  whole_key_filtering: 1
  verify_compression: 0
  read_amp_bytes_per_bit: 0
  format_version: 4
  enable_index_compression: 1
  block_align: 0
2022/02/13-00:43:42.731674 7f7926019f80        Options.write_buffer_size: 67108864
2022/02/13-00:43:42.731676 7f7926019f80  Options.max_write_buffer_number: 2
2022/02/13-00:43:42.731678 7f7926019f80          Options.compression: NoCompression
2022/02/13-00:43:42.731680 7f7926019f80                  Options.bottommost_compression: Disabled
2022/02/13-00:43:42.731682 7f7926019f80       Options.prefix_extractor: nullptr
2022/02/13-00:43:42.731684 7f7926019f80   Options.memtable_insert_with_hint_prefix_extractor: nullptr
2022/02/13-00:43:42.731686 7f7926019f80             Options.num_levels: 7
2022/02/13-00:43:42.731688 7f7926019f80        Options.min_write_buffer_number_to_merge: 1
2022/02/13-00:43:42.731690 7f7926019f80     Options.max_write_buffer_number_to_maintain: 0
2022/02/13-00:43:42.731692 7f7926019f80     Options.max_write_buffer_size_to_maintain: 0
2022/02/13-00:43:42.731706 7f7926019f80            Options.bottommost_compression_opts.window_bits: -14
2022/02/13-00:43:42.731708 7f7926019f80                  Options.bottommost_compression_opts.level: 32767
2022/02/13-00:43:42.731710 7f7926019f80               Options.bottommost_compression_opts.strategy: 0
2022/02/13-00:43:42.731712 7f7926019f80         Options.bottommost_compression_opts.max_dict_bytes: 0
2022/02/13-00:43:42.731714 7f7926019f80         Options.bottommost_compression_opts.zstd_max_train_bytes: 0
2022/02/13-00:43:42.731716 7f7926019f80         Options.bottommost_compression_opts.parallel_threads: 1
2022/02/13-00:43:42.731718 7f7926019f80                  Options.bottommost_compression_opts.enabled: false
2022/02/13-00:43:42.731720 7f7926019f80            Options.compression_opts.window_bits: -14
2022/02/13-00:43:42.731722 7f7926019f80                  Options.compression_opts.level: 32767
2022/02/13-00:43:42.731724 7f7926019f80               Options.compression_opts.strategy: 0
2022/02/13-00:43:42.731726 7f7926019f80         Options.compression_opts.max_dict_bytes: 0
2022/02/13-00:43:42.731728 7f7926019f80         Options.compression_opts.zstd_max_train_bytes: 0
2022/02/13-00:43:42.731730 7f7926019f80         Options.compression_opts.parallel_threads: 1
2022/02/13-00:43:42.731732 7f7926019f80                  Options.compression_opts.enabled: false
2022/02/13-00:43:42.731734 7f7926019f80      Options.level0_file_num_compaction_trigger: 4
2022/02/13-00:43:42.731736 7f7926019f80          Options.level0_slowdown_writes_trigger: 20
2022/02/13-00:43:42.731738 7f7926019f80              Options.level0_stop_writes_trigger: 36
2022/02/13-00:43:42.731740 7f7926019f80                   Options.target_file_size_base: 67108864
2022/02/13-00:43:42.731742 7f7926019f80             Options.target_file_size_multiplier: 1
2022/02/13-00:43:42.731744 7f7926019f80                Options.max_bytes_for_level_base: 268435456
2022/02/13-00:43:42.731746 7f7926019f80 Options.level_compaction_dynamic_level_bytes: 0
2022/02/13-00:43:42.731747 7f7926019f80          Options.max_bytes_for_level_multiplier: 10.000000
2022/02/13-00:43:42.731751 7f7926019f80 Options.max_bytes_for_level_multiplier_addtl[0]: 1
2022/02/13-00:43:42.731753 7f7926019f80 Options.max_bytes_for_level_multiplier_addtl[1]: 1
2022/02/13-00:43:42.731756 7f7926019f80 Options.max_bytes_for_level_multiplier_addtl[2]: 1
2022/02/13-00:43:42.731758 7f7926019f80 Options.max_bytes_for_level_multiplier_addtl[3]: 1
2022/02/13-00:43:42.731760 7f7926019f80 Options.max_bytes_for_level_multiplier_addtl[4]: 1
2022/02/13-00:43:42.731762 7f7926019f80 Options.max_bytes_for_level_multiplier_addtl[5]: 1
2022/02/13-00:43:42.731764 7f7926019f80 Options.max_bytes_for_level_multiplier_addtl[6]: 1
2022/02/13-00:43:42.731766 7f7926019f80       Options.max_sequential_skip_in_iterations: 8
2022/02/13-00:43:42.731768 7f7926019f80                    Options.max_compaction_bytes: 1677721600
2022/02/13-00:43:42.731770 7f7926019f80                        Options.arena_block_size: 8388608
2022/02/13-00:43:42.731772 7f7926019f80   Options.soft_pending_compaction_bytes_limit: 68719476736
2022/02/13-00:43:42.731774 7f7926019f80   Options.hard_pending_compaction_bytes_limit: 274877906944
2022/02/13-00:43:42.731776 7f7926019f80       Options.rate_limit_delay_max_milliseconds: 100
2022/02/13-00:43:42.731778 7f7926019f80                Options.disable_auto_compactions: 1
2022/02/13-00:43:42.731780 7f7926019f80                        Options.compaction_style: kCompactionStyleLevel
2022/02/13-00:43:42.731782 7f7926019f80                          Options.compaction_pri: kMinOverlappingRatio
2022/02/13-00:43:42.731784 7f7926019f80 Options.compaction_options_universal.size_ratio: 1
2022/02/13-00:43:42.731786 7f7926019f80 Options.compaction_options_universal.min_merge_width: 2
2022/02/13-00:43:42.731788 7f7926019f80 Options.compaction_options_universal.max_merge_width: 4294967295
2022/02/13-00:43:42.731790 7f7926019f80 Options.compaction_options_universal.max_size_amplification_percent: 200
2022/02/13-00:43:42.731792 7f7926019f80 Options.compaction_options_universal.compression_size_percent: -1
2022/02/13-00:43:42.731804 7f7926019f80 Options.compaction_options_universal.stop_style: kCompactionStopStyleTotalSize
2022/02/13-00:43:42.731806 7f7926019f80 Options.compaction_options_fifo.max_table_files_size: 1073741824
2022/02/13-00:43:42.731808 7f7926019f80 Options.compaction_options_fifo.allow_compaction: 0
2022/02/13-00:43:42.731811 7f7926019f80                   Options.table_properties_collectors: 
2022/02/13-00:43:42.731813 7f7926019f80                   Options.inplace_update_support: 0
2022/02/13-00:43:42.731815 7f7926019f80                 Options.inplace_update_num_locks: 10000
2022/02/13-00:43:42.731817 7f7926019f80               Options.memtable_prefix_bloom_size_ratio: 0.000000
2022/02/13-00:43:42.731820 7f7926019f80               Options.memtable_whole_key_filtering: 0
2022/02/13-00:43:42.731822 7f7926019f80   Options.memtable_huge_page_size: 0
2022/02/13-00:43:42.731824 7f7926019f80                           Options.bloom_locality: 0
2022/02/13-00:43:42.731826 7f7926019f80                    Options.max_successive_merges: 0
2022/02/13-00:43:42.731828 7f7926019f80                Options.optimize_filters_for_hits: 0
2022/02/13-00:43:42.731830 7f7926019f80                Options.paranoid_file_checks: 0
2022/02/13-00:43:42.731831 7f7926019f80                Options.force_consistency_checks: 0
2022/02/13-00:43:42.731833 7f7926019f80                Options.report_bg_io_stats: 0
2022/02/13-00:43:42.731835 7f7926019f80                               Options.ttl: 2592000
2022/02/13-00:43:42.731837 7f7926019f80          Options.periodic_compaction_seconds: 2592000
2022/02/13-00:43:42.731877 7f7926019f80 [db/column_family.cc:578] --------------- Options for column family [FZ]:
2022/02/13-00:43:42.731880 7f7926019f80               Options.comparator: leveldb.BytewiseComparator
2022/02/13-00:43:42.731882 7f7926019f80           Options.merge_operator: None
2022/02/13-00:43:42.731884 7f7926019f80        Options.compaction_filter: filter_outdated
2022/02/13-00:43:42.731886 7f7926019f80        Options.compaction_filter_factory: None
2022/02/13-00:43:42.731888 7f7926019f80  Options.sst_partitioner_factory: None
2022/02/13-00:43:42.731890 7f7926019f80         Options.memtable_factory: SkipListFactory
2022/02/13-00:43:42.731892 7f7926019f80            Options.table_factory: BlockBasedTable
2022/02/13-00:43:42.731916 7f7926019f80            table_factory options:   flush_block_policy_factory: FlushBlockBySizePolicyFactory (0x7f7925c914b8)
  cache_index_and_filter_blocks: 0
  cache_index_and_filter_blocks_with_high_priority: 1
  pin_l0_filter_and_index_blocks_in_cache: 0
  pin_top_level_index_and_filter: 1
  index_type: 0
  data_block_index_type: 0
  index_shortening: 1
  data_block_hash_table_util_ratio: 0.750000
  hash_index_allow_collision: 1
  checksum: 1
  no_block_cache: 0
  block_cache: 0x7f7925c98190
  block_cache_name: LRUCache
  block_cache_options:
    capacity : 8388608
    num_shard_bits : 4
    strict_capacity_limit : 0
    memory_allocator : None
    high_pri_pool_ratio: 0.000
  block_cache_compressed: (nil)
  persistent_cache: (nil)
  block_size: 4096
  block_size_deviation: 10
  block_restart_interval: 16
  index_block_restart_interval: 1
  metadata_block_size: 4096
  partition_filters: 0
  use_delta_encoding: 1
  filter_policy: nullptr
  whole_key_filtering: 1
  verify_compression: 0
  read_amp_bytes_per_bit: 0
  format_version: 4
  enable_index_compression: 1
  block_align: 0
2022/02/13-00:43:42.731920 7f7926019f80        Options.write_buffer_size: 67108864
2022/02/13-00:43:42.731922 7f7926019f80  Options.max_write_buffer_number: 2
2022/02/13-00:43:42.731924 7f7926019f80          Options.compression: NoCompression
2022/02/13-00:43:42.731926 7f7926019f80                  Options.bottommost_compression: Disabled
2022/02/13-00:43:42.731928 7f7926019f80       Options.prefix_extractor: nullptr
2022/02/13-00:43:42.731930 7f7926019f80   Options.memtable_insert_with_hint_prefix_extractor: nullptr
2022/02/13-00:43:42.731932 7f7926019f80             Options.num_levels: 7
2022/02/13-00:43:42.731946 7f7926019f80        Options.min_write_buffer_number_to_merge: 1
2022/02/13-00:43:42.731948 7f7926019f80     Options.max_write_buffer_number_to_maintain: 0
2022/02/13-00:43:42.731950 7f7926019f80     Options.max_write_buffer_size_to_maintain: 0
2022/02/13-00:43:42.731952 7f7926019f80            Options.bottommost_compression_opts.window_bits: -14
2022/02/13-00:43:42.731954 7f7926019f80                  Options.bottommost_compression_opts.level: 32767
2022/02/13-00:43:42.731956 7f7926019f80               Options.bottommost_compression_opts.strategy: 0
2022/02/13-00:43:42.731958 7f7926019f80         Options.bottommost_compression_opts.max_dict_bytes: 0
2022/02/13-00:43:42.731960 7f7926019f80         Options.bottommost_compression_opts.zstd_max_train_bytes: 0
2022/02/13-00:43:42.731962 7f7926019f80         Options.bottommost_compression_opts.parallel_threads: 1
2022/02/13-00:43:42.731964 7f7926019f80                  Options.bottommost_compression_opts.enabled: false
2022/02/13-00:43:42.731966 7f7926019f80            Options.compression_opts.window_bits: -14
2022/02/13-00:43:42.731968 7f7926019f80                  Options.compression_opts.level: 32767
2022/02/13-00:43:42.731970 7f7926019f80               Options.compression_opts.strategy: 0
2022/02/13-00:43:42.731971 7f7926019f80         Options.compression_opts.max_dict_bytes: 0
2022/02/13-00:43:42.731973 7f7926019f80         Options.compression_opts.zstd_max_train_bytes: 0
2022/02/13-00:43:42.731975 7f7926019f80         Options.compression_opts.parallel_threads: 1
2022/02/13-00:43:42.731977 7f7926019f80                  Options.compression_opts.enabled: false
2022/02/13-00:43:42.731979 7f7926019f80      Options.level0_file_num_compaction_trigger: 4
2022/02/13-00:43:42.731981 7f7926019f80          Options.level0_slowdown_writes_trigger: 20
2022/02/13-00:43:42.731983 7f7926019f80              Options.level0_stop_writes_trigger: 36
2022/02/13-00:43:42.731985 7f7926019f80                   Options.target_file_size_base: 67108864
2022/02/13-00:43:42.731987 7f7926019f80             Options.target_file_size_multiplier: 1
2022/02/13-00:43:42.731989 7f7926019f80                Options.max_bytes_for_level_base: 268435456
2022/02/13-00:43:42.731991 7f7926019f80 Options.level_compaction_dynamic_level_bytes: 0
2022/02/13-00:43:42.731993 7f7926019f80          Options.max_bytes_for_level_multiplier: 10.000000
2022/02/13-00:43:42.731996 7f7926019f80 Options.max_bytes_for_level_multiplier_addtl[0]: 1
2022/02/13-00:43:42.731999 7f7926019f80 Options.max_bytes_for_level_multiplier_addtl[1]: 1
2022/02/13-00:43:42.732001 7f7926019f80 Options.max_bytes_for_level_multiplier_addtl[2]: 1
2022/02/13-00:43:42.732003 7f7926019f80 Options.max_bytes_for_level_multiplier_addtl[3]: 1
2022/02/13-00:43:42.732005 7f7926019f80 Options.max_bytes_for_level_multiplier_addtl[4]: 1
2022/02/13-00:43:42.732007 7f7926019f80 Options.max_bytes_for_level_multiplier_addtl[5]: 1
2022/02/13-00:43:42.732009 7f7926019f80 Options.max_bytes_for_level_multiplier_addtl[6]: 1
2022/02/13-00:43:42.732011 7f7926019f80       Options.max_sequential_skip_in_iterations: 8
2022/02/13-00:43:42.732013 7f7926019f80                    Options.max_compaction_bytes: 1677721600
2022/02/13-00:43:42.732015 7f7926019f80                        Options.arena_block_size: 8388608
2022/02/13-00:43:42.732017 7f7926019f80   Options.soft_pending_compaction_bytes_limit: 68719476736
2022/02/13-00:43:42.732019 7f7926019f80   Options.hard_pending_compaction_bytes_limit: 274877906944
2022/02/13-00:43:42.732021 7f7926019f80       Options.rate_limit_delay_max_milliseconds: 100
2022/02/13-00:43:42.732023 7f7926019f80                Options.disable_auto_compactions: 1
2022/02/13-00:43:42.732025 7f7926019f80                        Options.compaction_style: kCompactionStyleLevel
2022/02/13-00:43:42.732027 7f7926019f80                          Options.compaction_pri: kMinOverlappingRatio
2022/02/13-00:43:42.732029 7f7926019f80 Options.compaction_options_universal.size_ratio: 1
2022/02/13-00:43:42.732031 7f7926019f80 Options.compaction_options_universal.min_merge_width: 2
2022/02/13-00:43:42.732042 7f7926019f80 Options.compaction_options_universal.max_merge_width: 4294967295
2022/02/13-00:43:42.732044 7f7926019f80 Options.compaction_options_universal.max_size_amplification_percent: 200
2022/02/13-00:43:42.732046 7f7926019f80 Options.compaction_options_universal.compression_size_percent: -1
2022/02/13-00:43:42.732049 7f7926019f80 Options.compaction_options_universal.stop_style: kCompactionStopStyleTotalSize
2022/02/13-00:43:42.732051 7f7926019f80 Options.compaction_options_fifo.max_table_files_size: 1073741824
2022/02/13-00:43:42.732053 7f7926019f80 Options.compaction_options_fifo.allow_compaction: 0
2022/02/13-00:43:42.732056 7f7926019f80                   Options.table_properties_collectors: 
2022/02/13-00:43:42.732058 7f7926019f80                   Options.inplace_update_support: 0
2022/02/13-00:43:42.732060 7f7926019f80                 Options.inplace_update_num_locks: 10000
2022/02/13-00:43:42.732062 7f7926019f80               Options.memtable_prefix_bloom_size_ratio: 0.000000
2022/02/13-00:43:42.732064 7f7926019f80               Options.memtable_whole_key_filtering: 0
2022/02/13-00:43:42.732066 7f7926019f80   Options.memtable_huge_page_size: 0
2022/02/13-00:43:42.732068 7f7926019f80                           Options.bloom_locality: 0
2022/02/13-00:43:42.732070 7f7926019f80                    Options.max_successive_merges: 0
2022/02/13-00:43:42.732072 7f7926019f80                Options.optimize_filters_for_hits: 0
2022/02/13-00:43:42.732074 7f7926019f80                Options.paranoid_file_checks: 0
2022/02/13-00:43:42.732076 7f7926019f80                Options.force_consistency_checks: 0
2022/02/13-00:43:42.732078 7f7926019f80                Options.report_bg_io_stats: 0
2022/02/13-00:43:42.732080 7f7926019f80                               Options.ttl: 2592000
2022/02/13-00:43:42.732082 7f7926019f80          Options.periodic_compaction_seconds: 2592000
2022/02/13-00:43:42.732106 7f7926019f80 [db/column_family.cc:578] --------------- Options for column family [NZ]:
2022/02/13-00:43:42.732176 7f7926019f80               Options.comparator: leveldb.BytewiseComparator
2022/02/13-00:43:42.732179 7f7926019f80           Options.merge_operator: None
2022/02/13-00:43:42.732181 7f7926019f80        Options.compaction_filter: filter_outdated
2022/02/13-00:43:42.732183 7f7926019f80        Options.compaction_filter_factory: None
2022/02/13-00:43:42.732185 7f7926019f80  Options.sst_partitioner_factory: None
2022/02/13-00:43:42.732187 7f7926019f80         Options.memtable_factory: SkipListFactory
2022/02/13-00:43:42.732189 7f7926019f80            Options.table_factory: BlockBasedTable
2022/02/13-00:43:42.732222 7f7926019f80            table_factory options:   flush_block_policy_factory: FlushBlockBySizePolicyFactory (0x7f7925c914d0)
  cache_index_and_filter_blocks: 0
  cache_index_and_filter_blocks_with_high_priority: 1
  pin_l0_filter_and_index_blocks_in_cache: 0
  pin_top_level_index_and_filter: 1
  index_type: 0
  data_block_index_type: 0
  index_shortening: 1
  data_block_hash_table_util_ratio: 0.750000
  hash_index_allow_collision: 1
  checksum: 1
  no_block_cache: 0
  block_cache: 0x7f7925c98a10
  block_cache_name: LRUCache
  block_cache_options:
    capacity : 8388608
    num_shard_bits : 4
    strict_capacity_limit : 0
    memory_allocator : None
    high_pri_pool_ratio: 0.000
  block_cache_compressed: (nil)
  persistent_cache: (nil)
  block_size: 4096
  block_size_deviation: 10
  block_restart_interval: 16
  index_block_restart_interval: 1
  metadata_block_size: 4096
  partition_filters: 0
  use_delta_encoding: 1
  filter_policy: nullptr
  whole_key_filtering: 1
  verify_compression: 0
  read_amp_bytes_per_bit: 0
  format_version: 4
  enable_index_compression: 1
  block_align: 0
2022/02/13-00:43:42.732227 7f7926019f80        Options.write_buffer_size: 67108864
2022/02/13-00:43:42.732230 7f7926019f80  Options.max_write_buffer_number: 2
2022/02/13-00:43:42.732232 7f7926019f80          Options.compression: NoCompression
2022/02/13-00:43:42.732257 7f7926019f80                  Options.bottommost_compression: Disabled
2022/02/13-00:43:42.732260 7f7926019f80       Options.prefix_extractor: nullptr
2022/02/13-00:43:42.732262 7f7926019f80   Options.memtable_insert_with_hint_prefix_extractor: nullptr
2022/02/13-00:43:42.732264 7f7926019f80             Options.num_levels: 7
2022/02/13-00:43:42.732266 7f7926019f80        Options.min_write_buffer_number_to_merge: 1
2022/02/13-00:43:42.732268 7f7926019f80     Options.max_write_buffer_number_to_maintain: 0
2022/02/13-00:43:42.732270 7f7926019f80     Options.max_write_buffer_size_to_maintain: 0
2022/02/13-00:43:42.732272 7f7926019f80            Options.bottommost_compression_opts.window_bits: -14
2022/02/13-00:43:42.732274 7f7926019f80                  Options.bottommost_compression_opts.level: 32767
2022/02/13-00:43:42.732276 7f7926019f80               Options.bottommost_compression_opts.strategy: 0
2022/02/13-00:43:42.732278 7f7926019f80         Options.bottommost_compression_opts.max_dict_bytes: 0
2022/02/13-00:43:42.732280 7f7926019f80         Options.bottommost_compression_opts.zstd_max_train_bytes: 0
2022/02/13-00:43:42.732282 7f7926019f80         Options.bottommost_compression_opts.parallel_threads: 1
2022/02/13-00:43:42.732284 7f7926019f80                  Options.bottommost_compression_opts.enabled: false
2022/02/13-00:43:42.732286 7f7926019f80            Options.compression_opts.window_bits: -14
2022/02/13-00:43:42.732288 7f7926019f80                  Options.compression_opts.level: 32767
2022/02/13-00:43:42.732290 7f7926019f80               Options.compression_opts.strategy: 0
2022/02/13-00:43:42.732291 7f7926019f80         Options.compression_opts.max_dict_bytes: 0
2022/02/13-00:43:42.732293 7f7926019f80         Options.compression_opts.zstd_max_train_bytes: 0
2022/02/13-00:43:42.732295 7f7926019f80         Options.compression_opts.parallel_threads: 1
2022/02/13-00:43:42.732297 7f7926019f80                  Options.compression_opts.enabled: false
2022/02/13-00:43:42.732299 7f7926019f80      Options.level0_file_num_compaction_trigger: 4
2022/02/13-00:43:42.732301 7f7926019f80          Options.level0_slowdown_writes_trigger: 20
2022/02/13-00:43:42.732303 7f7926019f80              Options.level0_stop_writes_trigger: 36
2022/02/13-00:43:42.732305 7f7926019f80                   Options.target_file_size_base: 67108864
2022/02/13-00:43:42.732307 7f7926019f80             Options.target_file_size_multiplier: 1
2022/02/13-00:43:42.732309 7f7926019f80                Options.max_bytes_for_level_base: 268435456
2022/02/13-00:43:42.732311 7f7926019f80 Options.level_compaction_dynamic_level_bytes: 0
2022/02/13-00:43:42.732313 7f7926019f80          Options.max_bytes_for_level_multiplier: 10.000000
2022/02/13-00:43:42.732317 7f7926019f80 Options.max_bytes_for_level_multiplier_addtl[0]: 1
2022/02/13-00:43:42.732319 7f7926019f80 Options.max_bytes_for_level_multiplier_addtl[1]: 1
2022/02/13-00:43:42.732321 7f7926019f80 Options.max_bytes_for_level_multiplier_addtl[2]: 1
