2022/07/11-21:20:47.769867 7fc3d067ec80 RocksDB version: 6.17.0
2022/07/11-21:20:47.769931 7fc3d067ec80 Git sha 0
2022/07/11-21:20:47.769980 7fc3d067ec80 DB SUMMARY
2022/07/11-21:20:47.769982 7fc3d067ec80 DB Session ID:  AMQL31M3QTBXXQ44GLCA
2022/07/11-21:20:47.770052 7fc3d067ec80 CURRENT file:  CURRENT
2022/07/11-21:20:47.770057 7fc3d067ec80 IDENTITY file:  IDENTITY
2022/07/11-21:20:47.770068 7fc3d067ec80 MANIFEST file:  MANIFEST-000037 size: 1076 Bytes
2022/07/11-21:20:47.770071 7fc3d067ec80 SST files in /home/patrick/InternetComputer/Hyperspace1/v0/NewWaveV0/0.0.2/.dfx/state/replicated_state/node-100/ic_consensus_pool/certification dir, Total Num: 2, files: 000041.sst 000042.sst 
2022/07/11-21:20:47.770074 7fc3d067ec80 Write Ahead Log file in /home/patrick/InternetComputer/Hyperspace1/v0/NewWaveV0/0.0.2/.dfx/state/replicated_state/node-100/ic_consensus_pool/certification: 000038.log size: 2057586 ; 
2022/07/11-21:20:47.770077 7fc3d067ec80                         Options.error_if_exists: 0
2022/07/11-21:20:47.770079 7fc3d067ec80                       Options.create_if_missing: 1
2022/07/11-21:20:47.770081 7fc3d067ec80                         Options.paranoid_checks: 1
2022/07/11-21:20:47.770083 7fc3d067ec80                               Options.track_and_verify_wals_in_manifest: 0
2022/07/11-21:20:47.770085 7fc3d067ec80                                     Options.env: 0x55db3570b2e0
2022/07/11-21:20:47.770087 7fc3d067ec80                                      Options.fs: Posix File System
2022/07/11-21:20:47.770089 7fc3d067ec80                                Options.info_log: 0x55db6d563d20
2022/07/11-21:20:47.770091 7fc3d067ec80                Options.max_file_opening_threads: 16
2022/07/11-21:20:47.770093 7fc3d067ec80                              Options.statistics: (nil)
2022/07/11-21:20:47.770095 7fc3d067ec80                               Options.use_fsync: 1
2022/07/11-21:20:47.770097 7fc3d067ec80                       Options.max_log_file_size: 0
2022/07/11-21:20:47.770099 7fc3d067ec80                  Options.max_manifest_file_size: 1073741824
2022/07/11-21:20:47.770101 7fc3d067ec80                   Options.log_file_time_to_roll: 0
2022/07/11-21:20:47.770103 7fc3d067ec80                       Options.keep_log_file_num: 1000
2022/07/11-21:20:47.770105 7fc3d067ec80                    Options.recycle_log_file_num: 0
2022/07/11-21:20:47.770107 7fc3d067ec80                         Options.allow_fallocate: 1
2022/07/11-21:20:47.770109 7fc3d067ec80                        Options.allow_mmap_reads: 0
2022/07/11-21:20:47.770110 7fc3d067ec80                       Options.allow_mmap_writes: 0
2022/07/11-21:20:47.770112 7fc3d067ec80                        Options.use_direct_reads: 0
2022/07/11-21:20:47.770114 7fc3d067ec80                        Options.use_direct_io_for_flush_and_compaction: 0
2022/07/11-21:20:47.770116 7fc3d067ec80          Options.create_missing_column_families: 1
2022/07/11-21:20:47.770117 7fc3d067ec80                              Options.db_log_dir: 
2022/07/11-21:20:47.770119 7fc3d067ec80                                 Options.wal_dir: /home/patrick/InternetComputer/Hyperspace1/v0/NewWaveV0/0.0.2/.dfx/state/replicated_state/node-100/ic_consensus_pool/certification
2022/07/11-21:20:47.770121 7fc3d067ec80                Options.table_cache_numshardbits: 6
2022/07/11-21:20:47.770123 7fc3d067ec80                         Options.WAL_ttl_seconds: 0
2022/07/11-21:20:47.770125 7fc3d067ec80                       Options.WAL_size_limit_MB: 0
2022/07/11-21:20:47.770127 7fc3d067ec80                        Options.max_write_batch_group_size_bytes: 1048576
2022/07/11-21:20:47.770129 7fc3d067ec80             Options.manifest_preallocation_size: 4194304
2022/07/11-21:20:47.770131 7fc3d067ec80                     Options.is_fd_close_on_exec: 1
2022/07/11-21:20:47.770133 7fc3d067ec80                   Options.advise_random_on_open: 1
2022/07/11-21:20:47.770135 7fc3d067ec80                    Options.db_write_buffer_size: 0
2022/07/11-21:20:47.770137 7fc3d067ec80                    Options.write_buffer_manager: 0x55db6d561730
2022/07/11-21:20:47.770138 7fc3d067ec80         Options.access_hint_on_compaction_start: 1
2022/07/11-21:20:47.770162 7fc3d067ec80  Options.new_table_reader_for_compaction_inputs: 0
2022/07/11-21:20:47.770164 7fc3d067ec80           Options.random_access_max_buffer_size: 1048576
2022/07/11-21:20:47.770166 7fc3d067ec80                      Options.use_adaptive_mutex: 0
2022/07/11-21:20:47.770168 7fc3d067ec80                            Options.rate_limiter: (nil)
2022/07/11-21:20:47.770170 7fc3d067ec80     Options.sst_file_manager.rate_bytes_per_sec: 0
2022/07/11-21:20:47.770172 7fc3d067ec80                       Options.wal_recovery_mode: 2
2022/07/11-21:20:47.770174 7fc3d067ec80                  Options.enable_thread_tracking: 0
2022/07/11-21:20:47.770176 7fc3d067ec80                  Options.enable_pipelined_write: 0
2022/07/11-21:20:47.770177 7fc3d067ec80                  Options.unordered_write: 0
2022/07/11-21:20:47.770179 7fc3d067ec80         Options.allow_concurrent_memtable_write: 1
2022/07/11-21:20:47.770181 7fc3d067ec80      Options.enable_write_thread_adaptive_yield: 1
2022/07/11-21:20:47.770182 7fc3d067ec80             Options.write_thread_max_yield_usec: 100
2022/07/11-21:20:47.770184 7fc3d067ec80            Options.write_thread_slow_yield_usec: 3
2022/07/11-21:20:47.770186 7fc3d067ec80                               Options.row_cache: None
2022/07/11-21:20:47.770188 7fc3d067ec80                              Options.wal_filter: None
2022/07/11-21:20:47.770190 7fc3d067ec80             Options.avoid_flush_during_recovery: 0
2022/07/11-21:20:47.770192 7fc3d067ec80             Options.allow_ingest_behind: 0
2022/07/11-21:20:47.770194 7fc3d067ec80             Options.preserve_deletes: 0
2022/07/11-21:20:47.770196 7fc3d067ec80             Options.two_write_queues: 0
2022/07/11-21:20:47.770197 7fc3d067ec80             Options.manual_wal_flush: 0
2022/07/11-21:20:47.770199 7fc3d067ec80             Options.atomic_flush: 0
2022/07/11-21:20:47.770201 7fc3d067ec80             Options.avoid_unnecessary_blocking_io: 0
2022/07/11-21:20:47.770203 7fc3d067ec80                 Options.persist_stats_to_disk: 0
2022/07/11-21:20:47.770204 7fc3d067ec80                 Options.write_dbid_to_manifest: 0
2022/07/11-21:20:47.770206 7fc3d067ec80                 Options.log_readahead_size: 0
2022/07/11-21:20:47.770208 7fc3d067ec80                 Options.file_checksum_gen_factory: Unknown
2022/07/11-21:20:47.770210 7fc3d067ec80                 Options.best_efforts_recovery: 0
2022/07/11-21:20:47.770212 7fc3d067ec80                Options.max_bgerror_resume_count: 2147483647
2022/07/11-21:20:47.770214 7fc3d067ec80            Options.bgerror_resume_retry_interval: 1000000
2022/07/11-21:20:47.770216 7fc3d067ec80             Options.allow_data_in_errors: 0
2022/07/11-21:20:47.770217 7fc3d067ec80             Options.db_host_id: __hostname__
2022/07/11-21:20:47.770219 7fc3d067ec80             Options.max_background_jobs: 2
2022/07/11-21:20:47.770221 7fc3d067ec80             Options.max_background_compactions: -1
2022/07/11-21:20:47.770223 7fc3d067ec80             Options.max_subcompactions: 1
2022/07/11-21:20:47.770225 7fc3d067ec80             Options.avoid_flush_during_shutdown: 0
2022/07/11-21:20:47.770227 7fc3d067ec80           Options.writable_file_max_buffer_size: 1048576
2022/07/11-21:20:47.770229 7fc3d067ec80             Options.delayed_write_rate : 16777216
2022/07/11-21:20:47.770230 7fc3d067ec80             Options.max_total_wal_size: 0
2022/07/11-21:20:47.770232 7fc3d067ec80             Options.delete_obsolete_files_period_micros: 21600000000
2022/07/11-21:20:47.770234 7fc3d067ec80                   Options.stats_dump_period_sec: 600
2022/07/11-21:20:47.770236 7fc3d067ec80                 Options.stats_persist_period_sec: 600
2022/07/11-21:20:47.770238 7fc3d067ec80                 Options.stats_history_buffer_size: 1048576
2022/07/11-21:20:47.770240 7fc3d067ec80                          Options.max_open_files: -1
2022/07/11-21:20:47.770242 7fc3d067ec80                          Options.bytes_per_sync: 0
2022/07/11-21:20:47.770243 7fc3d067ec80                      Options.wal_bytes_per_sync: 0
2022/07/11-21:20:47.770256 7fc3d067ec80                   Options.strict_bytes_per_sync: 0
2022/07/11-21:20:47.770258 7fc3d067ec80       Options.compaction_readahead_size: 0
2022/07/11-21:20:47.770260 7fc3d067ec80                  Options.max_background_flushes: -1
2022/07/11-21:20:47.770262 7fc3d067ec80 Compression algorithms supported:
2022/07/11-21:20:47.770264 7fc3d067ec80 	kZSTDNotFinalCompression supported: 1
2022/07/11-21:20:47.770267 7fc3d067ec80 	kZSTD supported: 1
2022/07/11-21:20:47.770269 7fc3d067ec80 	kXpressCompression supported: 0
2022/07/11-21:20:47.770271 7fc3d067ec80 	kLZ4HCCompression supported: 1
2022/07/11-21:20:47.770273 7fc3d067ec80 	kLZ4Compression supported: 1
2022/07/11-21:20:47.770275 7fc3d067ec80 	kBZip2Compression supported: 1
2022/07/11-21:20:47.770276 7fc3d067ec80 	kZlibCompression supported: 1
2022/07/11-21:20:47.770278 7fc3d067ec80 	kSnappyCompression supported: 1
2022/07/11-21:20:47.770285 7fc3d067ec80 Fast CRC32 supported: Supported on x86
2022/07/11-21:20:47.770366 7fc3d067ec80 [db/version_set.cc:4758] Recovering from manifest file: /home/patrick/InternetComputer/Hyperspace1/v0/NewWaveV0/0.0.2/.dfx/state/replicated_state/node-100/ic_consensus_pool/certification/MANIFEST-000037
2022/07/11-21:20:47.770504 7fc3d067ec80 [db/column_family.cc:595] --------------- Options for column family [default]:
2022/07/11-21:20:47.770508 7fc3d067ec80               Options.comparator: leveldb.BytewiseComparator
2022/07/11-21:20:47.770509 7fc3d067ec80           Options.merge_operator: None
2022/07/11-21:20:47.770511 7fc3d067ec80        Options.compaction_filter: None
2022/07/11-21:20:47.770513 7fc3d067ec80        Options.compaction_filter_factory: None
2022/07/11-21:20:47.770515 7fc3d067ec80  Options.sst_partitioner_factory: None
2022/07/11-21:20:47.770517 7fc3d067ec80         Options.memtable_factory: SkipListFactory
2022/07/11-21:20:47.770519 7fc3d067ec80            Options.table_factory: BlockBasedTable
2022/07/11-21:20:47.770554 7fc3d067ec80            table_factory options:   flush_block_policy_factory: FlushBlockBySizePolicyFactory (0x55db6d57b610)
  cache_index_and_filter_blocks: 0
  cache_index_and_filter_blocks_with_high_priority: 1
  pin_l0_filter_and_index_blocks_in_cache: 0
  pin_top_level_index_and_filter: 1
  index_type: 0
  data_block_index_type: 0
  index_shortening: 1
  data_block_hash_table_util_ratio: 0.750000
  hash_index_allow_collision: 1
  checksum: 1
  no_block_cache: 0
  block_cache: 0x55db6d572fd0
  block_cache_name: LRUCache
  block_cache_options:
    capacity : 8388608
    num_shard_bits : 4
    strict_capacity_limit : 0
    memory_allocator : None
    high_pri_pool_ratio: 0.000
  block_cache_compressed: (nil)
  persistent_cache: (nil)
  block_size: 4096
  block_size_deviation: 10
  block_restart_interval: 16
  index_block_restart_interval: 1
  metadata_block_size: 4096
  partition_filters: 0
  use_delta_encoding: 1
  filter_policy: nullptr
  whole_key_filtering: 1
  verify_compression: 0
  read_amp_bytes_per_bit: 0
  format_version: 4
  enable_index_compression: 1
  block_align: 0
2022/07/11-21:20:47.770557 7fc3d067ec80        Options.write_buffer_size: 67108864
2022/07/11-21:20:47.770559 7fc3d067ec80  Options.max_write_buffer_number: 2
2022/07/11-21:20:47.770561 7fc3d067ec80          Options.compression: Snappy
2022/07/11-21:20:47.770563 7fc3d067ec80                  Options.bottommost_compression: Disabled
2022/07/11-21:20:47.770565 7fc3d067ec80       Options.prefix_extractor: nullptr
2022/07/11-21:20:47.770567 7fc3d067ec80   Options.memtable_insert_with_hint_prefix_extractor: nullptr
2022/07/11-21:20:47.770569 7fc3d067ec80             Options.num_levels: 7
2022/07/11-21:20:47.770571 7fc3d067ec80        Options.min_write_buffer_number_to_merge: 1
2022/07/11-21:20:47.770573 7fc3d067ec80     Options.max_write_buffer_number_to_maintain: 0
2022/07/11-21:20:47.770574 7fc3d067ec80     Options.max_write_buffer_size_to_maintain: 0
2022/07/11-21:20:47.770576 7fc3d067ec80            Options.bottommost_compression_opts.window_bits: -14
2022/07/11-21:20:47.770578 7fc3d067ec80                  Options.bottommost_compression_opts.level: 32767
2022/07/11-21:20:47.770593 7fc3d067ec80               Options.bottommost_compression_opts.strategy: 0
2022/07/11-21:20:47.770595 7fc3d067ec80         Options.bottommost_compression_opts.max_dict_bytes: 0
2022/07/11-21:20:47.770597 7fc3d067ec80         Options.bottommost_compression_opts.zstd_max_train_bytes: 0
2022/07/11-21:20:47.770599 7fc3d067ec80         Options.bottommost_compression_opts.parallel_threads: 1
2022/07/11-21:20:47.770601 7fc3d067ec80                  Options.bottommost_compression_opts.enabled: false
2022/07/11-21:20:47.770602 7fc3d067ec80            Options.compression_opts.window_bits: -14
2022/07/11-21:20:47.770604 7fc3d067ec80                  Options.compression_opts.level: 32767
2022/07/11-21:20:47.770606 7fc3d067ec80               Options.compression_opts.strategy: 0
2022/07/11-21:20:47.770608 7fc3d067ec80         Options.compression_opts.max_dict_bytes: 0
2022/07/11-21:20:47.770610 7fc3d067ec80         Options.compression_opts.zstd_max_train_bytes: 0
2022/07/11-21:20:47.770611 7fc3d067ec80         Options.compression_opts.parallel_threads: 1
2022/07/11-21:20:47.770613 7fc3d067ec80                  Options.compression_opts.enabled: false
2022/07/11-21:20:47.770615 7fc3d067ec80      Options.level0_file_num_compaction_trigger: 4
2022/07/11-21:20:47.770617 7fc3d067ec80          Options.level0_slowdown_writes_trigger: 20
2022/07/11-21:20:47.770619 7fc3d067ec80              Options.level0_stop_writes_trigger: 36
2022/07/11-21:20:47.770620 7fc3d067ec80                   Options.target_file_size_base: 67108864
2022/07/11-21:20:47.770622 7fc3d067ec80             Options.target_file_size_multiplier: 1
2022/07/11-21:20:47.770624 7fc3d067ec80                Options.max_bytes_for_level_base: 268435456
2022/07/11-21:20:47.770626 7fc3d067ec80 Options.level_compaction_dynamic_level_bytes: 0
2022/07/11-21:20:47.770628 7fc3d067ec80          Options.max_bytes_for_level_multiplier: 10.000000
2022/07/11-21:20:47.770632 7fc3d067ec80 Options.max_bytes_for_level_multiplier_addtl[0]: 1
2022/07/11-21:20:47.770634 7fc3d067ec80 Options.max_bytes_for_level_multiplier_addtl[1]: 1
2022/07/11-21:20:47.770636 7fc3d067ec80 Options.max_bytes_for_level_multiplier_addtl[2]: 1
2022/07/11-21:20:47.770637 7fc3d067ec80 Options.max_bytes_for_level_multiplier_addtl[3]: 1
2022/07/11-21:20:47.770639 7fc3d067ec80 Options.max_bytes_for_level_multiplier_addtl[4]: 1
2022/07/11-21:20:47.770641 7fc3d067ec80 Options.max_bytes_for_level_multiplier_addtl[5]: 1
2022/07/11-21:20:47.770643 7fc3d067ec80 Options.max_bytes_for_level_multiplier_addtl[6]: 1
2022/07/11-21:20:47.770645 7fc3d067ec80       Options.max_sequential_skip_in_iterations: 8
2022/07/11-21:20:47.770647 7fc3d067ec80                    Options.max_compaction_bytes: 1677721600
2022/07/11-21:20:47.770648 7fc3d067ec80                        Options.arena_block_size: 8388608
2022/07/11-21:20:47.770650 7fc3d067ec80   Options.soft_pending_compaction_bytes_limit: 68719476736
2022/07/11-21:20:47.770652 7fc3d067ec80   Options.hard_pending_compaction_bytes_limit: 274877906944
2022/07/11-21:20:47.770654 7fc3d067ec80       Options.rate_limit_delay_max_milliseconds: 100
2022/07/11-21:20:47.770656 7fc3d067ec80                Options.disable_auto_compactions: 0
2022/07/11-21:20:47.770658 7fc3d067ec80                        Options.compaction_style: kCompactionStyleLevel
2022/07/11-21:20:47.770661 7fc3d067ec80                          Options.compaction_pri: kMinOverlappingRatio
2022/07/11-21:20:47.770663 7fc3d067ec80 Options.compaction_options_universal.size_ratio: 1
2022/07/11-21:20:47.770664 7fc3d067ec80 Options.compaction_options_universal.min_merge_width: 2
2022/07/11-21:20:47.770666 7fc3d067ec80 Options.compaction_options_universal.max_merge_width: 4294967295
2022/07/11-21:20:47.770668 7fc3d067ec80 Options.compaction_options_universal.max_size_amplification_percent: 200
2022/07/11-21:20:47.770670 7fc3d067ec80 Options.compaction_options_universal.compression_size_percent: -1
2022/07/11-21:20:47.770673 7fc3d067ec80 Options.compaction_options_universal.stop_style: kCompactionStopStyleTotalSize
2022/07/11-21:20:47.770683 7fc3d067ec80 Options.compaction_options_fifo.max_table_files_size: 1073741824
2022/07/11-21:20:47.770685 7fc3d067ec80 Options.compaction_options_fifo.allow_compaction: 0
2022/07/11-21:20:47.770695 7fc3d067ec80                   Options.table_properties_collectors: 
2022/07/11-21:20:47.770697 7fc3d067ec80                   Options.inplace_update_support: 0
2022/07/11-21:20:47.770698 7fc3d067ec80                 Options.inplace_update_num_locks: 10000
2022/07/11-21:20:47.770700 7fc3d067ec80               Options.memtable_prefix_bloom_size_ratio: 0.000000
2022/07/11-21:20:47.770703 7fc3d067ec80               Options.memtable_whole_key_filtering: 0
2022/07/11-21:20:47.770704 7fc3d067ec80   Options.memtable_huge_page_size: 0
2022/07/11-21:20:47.770706 7fc3d067ec80                           Options.bloom_locality: 0
2022/07/11-21:20:47.770708 7fc3d067ec80                    Options.max_successive_merges: 0
2022/07/11-21:20:47.770710 7fc3d067ec80                Options.optimize_filters_for_hits: 0
2022/07/11-21:20:47.770711 7fc3d067ec80                Options.paranoid_file_checks: 0
2022/07/11-21:20:47.770713 7fc3d067ec80                Options.force_consistency_checks: 1
2022/07/11-21:20:47.770715 7fc3d067ec80                Options.report_bg_io_stats: 0
2022/07/11-21:20:47.770717 7fc3d067ec80                               Options.ttl: 2592000
2022/07/11-21:20:47.770719 7fc3d067ec80          Options.periodic_compaction_seconds: 0
2022/07/11-21:20:47.770720 7fc3d067ec80                    Options.enable_blob_files: false
2022/07/11-21:20:47.770722 7fc3d067ec80                        Options.min_blob_size: 0
2022/07/11-21:20:47.770724 7fc3d067ec80                       Options.blob_file_size: 268435456
2022/07/11-21:20:47.770726 7fc3d067ec80                Options.blob_compression_type: NoCompression
2022/07/11-21:20:47.770728 7fc3d067ec80       Options.enable_blob_garbage_collection: false
2022/07/11-21:20:47.770729 7fc3d067ec80   Options.blob_garbage_collection_age_cutoff: 0.250000
2022/07/11-21:20:47.771504 7fc3d067ec80 [db/column_family.cc:595] --------------- Options for column family [CE]:
2022/07/11-21:20:47.771512 7fc3d067ec80               Options.comparator: leveldb.BytewiseComparator
2022/07/11-21:20:47.771515 7fc3d067ec80           Options.merge_operator: None
2022/07/11-21:20:47.771519 7fc3d067ec80        Options.compaction_filter: filter_outdated
2022/07/11-21:20:47.771521 7fc3d067ec80        Options.compaction_filter_factory: None
2022/07/11-21:20:47.771523 7fc3d067ec80  Options.sst_partitioner_factory: None
2022/07/11-21:20:47.771525 7fc3d067ec80         Options.memtable_factory: SkipListFactory
2022/07/11-21:20:47.771527 7fc3d067ec80            Options.table_factory: BlockBasedTable
2022/07/11-21:20:47.771560 7fc3d067ec80            table_factory options:   flush_block_policy_factory: FlushBlockBySizePolicyFactory (0x55db6d490ae0)
  cache_index_and_filter_blocks: 0
  cache_index_and_filter_blocks_with_high_priority: 1
  pin_l0_filter_and_index_blocks_in_cache: 0
  pin_top_level_index_and_filter: 1
  index_type: 0
  data_block_index_type: 0
  index_shortening: 1
  data_block_hash_table_util_ratio: 0.750000
  hash_index_allow_collision: 1
  checksum: 1
  no_block_cache: 0
  block_cache: 0x55db6d4a2270
  block_cache_name: LRUCache
  block_cache_options:
    capacity : 8388608
    num_shard_bits : 4
    strict_capacity_limit : 0
    memory_allocator : None
    high_pri_pool_ratio: 0.000
  block_cache_compressed: (nil)
  persistent_cache: (nil)
  block_size: 4096
  block_size_deviation: 10
  block_restart_interval: 16
  index_block_restart_interval: 1
  metadata_block_size: 4096
  partition_filters: 0
  use_delta_encoding: 1
  filter_policy: nullptr
  whole_key_filtering: 1
  verify_compression: 0
  read_amp_bytes_per_bit: 0
  format_version: 4
  enable_index_compression: 1
  block_align: 0
2022/07/11-21:20:47.771562 7fc3d067ec80        Options.write_buffer_size: 67108864
2022/07/11-21:20:47.771564 7fc3d067ec80  Options.max_write_buffer_number: 2
2022/07/11-21:20:47.771593 7fc3d067ec80          Options.compression: NoCompression
2022/07/11-21:20:47.771595 7fc3d067ec80                  Options.bottommost_compression: Disabled
2022/07/11-21:20:47.771597 7fc3d067ec80       Options.prefix_extractor: nullptr
2022/07/11-21:20:47.771599 7fc3d067ec80   Options.memtable_insert_with_hint_prefix_extractor: nullptr
2022/07/11-21:20:47.771601 7fc3d067ec80             Options.num_levels: 7
2022/07/11-21:20:47.771603 7fc3d067ec80        Options.min_write_buffer_number_to_merge: 1
2022/07/11-21:20:47.771604 7fc3d067ec80     Options.max_write_buffer_number_to_maintain: 0
2022/07/11-21:20:47.771606 7fc3d067ec80     Options.max_write_buffer_size_to_maintain: 0
2022/07/11-21:20:47.771608 7fc3d067ec80            Options.bottommost_compression_opts.window_bits: -14
2022/07/11-21:20:47.771610 7fc3d067ec80                  Options.bottommost_compression_opts.level: 32767
2022/07/11-21:20:47.771612 7fc3d067ec80               Options.bottommost_compression_opts.strategy: 0
2022/07/11-21:20:47.771613 7fc3d067ec80         Options.bottommost_compression_opts.max_dict_bytes: 0
2022/07/11-21:20:47.771615 7fc3d067ec80         Options.bottommost_compression_opts.zstd_max_train_bytes: 0
2022/07/11-21:20:47.771617 7fc3d067ec80         Options.bottommost_compression_opts.parallel_threads: 1
2022/07/11-21:20:47.771619 7fc3d067ec80                  Options.bottommost_compression_opts.enabled: false
2022/07/11-21:20:47.771621 7fc3d067ec80            Options.compression_opts.window_bits: -14
2022/07/11-21:20:47.771622 7fc3d067ec80                  Options.compression_opts.level: 32767
2022/07/11-21:20:47.771624 7fc3d067ec80               Options.compression_opts.strategy: 0
2022/07/11-21:20:47.771626 7fc3d067ec80         Options.compression_opts.max_dict_bytes: 0
2022/07/11-21:20:47.771628 7fc3d067ec80         Options.compression_opts.zstd_max_train_bytes: 0
2022/07/11-21:20:47.771629 7fc3d067ec80         Options.compression_opts.parallel_threads: 1
2022/07/11-21:20:47.771631 7fc3d067ec80                  Options.compression_opts.enabled: false
2022/07/11-21:20:47.771633 7fc3d067ec80      Options.level0_file_num_compaction_trigger: 4
2022/07/11-21:20:47.771635 7fc3d067ec80          Options.level0_slowdown_writes_trigger: 20
2022/07/11-21:20:47.771637 7fc3d067ec80              Options.level0_stop_writes_trigger: 36
2022/07/11-21:20:47.771638 7fc3d067ec80                   Options.target_file_size_base: 67108864
2022/07/11-21:20:47.771640 7fc3d067ec80             Options.target_file_size_multiplier: 1
2022/07/11-21:20:47.771642 7fc3d067ec80                Options.max_bytes_for_level_base: 268435456
2022/07/11-21:20:47.771644 7fc3d067ec80 Options.level_compaction_dynamic_level_bytes: 0
2022/07/11-21:20:47.771646 7fc3d067ec80          Options.max_bytes_for_level_multiplier: 10.000000
2022/07/11-21:20:47.771650 7fc3d067ec80 Options.max_bytes_for_level_multiplier_addtl[0]: 1
2022/07/11-21:20:47.771652 7fc3d067ec80 Options.max_bytes_for_level_multiplier_addtl[1]: 1
2022/07/11-21:20:47.771654 7fc3d067ec80 Options.max_bytes_for_level_multiplier_addtl[2]: 1
2022/07/11-21:20:47.771656 7fc3d067ec80 Options.max_bytes_for_level_multiplier_addtl[3]: 1
2022/07/11-21:20:47.771658 7fc3d067ec80 Options.max_bytes_for_level_multiplier_addtl[4]: 1
2022/07/11-21:20:47.771659 7fc3d067ec80 Options.max_bytes_for_level_multiplier_addtl[5]: 1
2022/07/11-21:20:47.771661 7fc3d067ec80 Options.max_bytes_for_level_multiplier_addtl[6]: 1
2022/07/11-21:20:47.771663 7fc3d067ec80       Options.max_sequential_skip_in_iterations: 8
2022/07/11-21:20:47.771665 7fc3d067ec80                    Options.max_compaction_bytes: 1677721600
2022/07/11-21:20:47.771667 7fc3d067ec80                        Options.arena_block_size: 8388608
2022/07/11-21:20:47.771669 7fc3d067ec80   Options.soft_pending_compaction_bytes_limit: 68719476736
2022/07/11-21:20:47.771671 7fc3d067ec80   Options.hard_pending_compaction_bytes_limit: 274877906944
2022/07/11-21:20:47.771673 7fc3d067ec80       Options.rate_limit_delay_max_milliseconds: 100
2022/07/11-21:20:47.771675 7fc3d067ec80                Options.disable_auto_compactions: 1
2022/07/11-21:20:47.771686 7fc3d067ec80                        Options.compaction_style: kCompactionStyleLevel
2022/07/11-21:20:47.771689 7fc3d067ec80                          Options.compaction_pri: kMinOverlappingRatio
2022/07/11-21:20:47.771690 7fc3d067ec80 Options.compaction_options_universal.size_ratio: 1
2022/07/11-21:20:47.771692 7fc3d067ec80 Options.compaction_options_universal.min_merge_width: 2
2022/07/11-21:20:47.771694 7fc3d067ec80 Options.compaction_options_universal.max_merge_width: 4294967295
2022/07/11-21:20:47.771696 7fc3d067ec80 Options.compaction_options_universal.max_size_amplification_percent: 200
2022/07/11-21:20:47.771698 7fc3d067ec80 Options.compaction_options_universal.compression_size_percent: -1
2022/07/11-21:20:47.771700 7fc3d067ec80 Options.compaction_options_universal.stop_style: kCompactionStopStyleTotalSize
2022/07/11-21:20:47.771702 7fc3d067ec80 Options.compaction_options_fifo.max_table_files_size: 1073741824
2022/07/11-21:20:47.771704 7fc3d067ec80 Options.compaction_options_fifo.allow_compaction: 0
2022/07/11-21:20:47.771710 7fc3d067ec80                   Options.table_properties_collectors: 
2022/07/11-21:20:47.771712 7fc3d067ec80                   Options.inplace_update_support: 0
2022/07/11-21:20:47.771714 7fc3d067ec80                 Options.inplace_update_num_locks: 10000
2022/07/11-21:20:47.771716 7fc3d067ec80               Options.memtable_prefix_bloom_size_ratio: 0.000000
2022/07/11-21:20:47.771718 7fc3d067ec80               Options.memtable_whole_key_filtering: 0
2022/07/11-21:20:47.771720 7fc3d067ec80   Options.memtable_huge_page_size: 0
2022/07/11-21:20:47.771722 7fc3d067ec80                           Options.bloom_locality: 0
2022/07/11-21:20:47.771724 7fc3d067ec80                    Options.max_successive_merges: 0
2022/07/11-21:20:47.771726 7fc3d067ec80                Options.optimize_filters_for_hits: 0
2022/07/11-21:20:47.771727 7fc3d067ec80                Options.paranoid_file_checks: 0
2022/07/11-21:20:47.771729 7fc3d067ec80                Options.force_consistency_checks: 1
2022/07/11-21:20:47.771731 7fc3d067ec80                Options.report_bg_io_stats: 0
2022/07/11-21:20:47.771733 7fc3d067ec80                               Options.ttl: 2592000
2022/07/11-21:20:47.771735 7fc3d067ec80          Options.periodic_compaction_seconds: 2592000
2022/07/11-21:20:47.771736 7fc3d067ec80                    Options.enable_blob_files: false
2022/07/11-21:20:47.771738 7fc3d067ec80                        Options.min_blob_size: 0
2022/07/11-21:20:47.771740 7fc3d067ec80                       Options.blob_file_size: 268435456
2022/07/11-21:20:47.771742 7fc3d067ec80                Options.blob_compression_type: NoCompression
2022/07/11-21:20:47.771744 7fc3d067ec80       Options.enable_blob_garbage_collection: false
2022/07/11-21:20:47.771746 7fc3d067ec80   Options.blob_garbage_collection_age_cutoff: 0.250000
2022/07/11-21:20:47.771793 7fc3d067ec80 [db/column_family.cc:595] --------------- Options for column family [CES]:
2022/07/11-21:20:47.771796 7fc3d067ec80               Options.comparator: leveldb.BytewiseComparator
2022/07/11-21:20:47.771797 7fc3d067ec80           Options.merge_operator: None
2022/07/11-21:20:47.771800 7fc3d067ec80        Options.compaction_filter: filter_outdated
2022/07/11-21:20:47.771802 7fc3d067ec80        Options.compaction_filter_factory: None
2022/07/11-21:20:47.771803 7fc3d067ec80  Options.sst_partitioner_factory: None
2022/07/11-21:20:47.771805 7fc3d067ec80         Options.memtable_factory: SkipListFactory
2022/07/11-21:20:47.771807 7fc3d067ec80            Options.table_factory: BlockBasedTable
2022/07/11-21:20:47.771833 7fc3d067ec80            table_factory options:   flush_block_policy_factory: FlushBlockBySizePolicyFactory (0x55db6d57e030)
  cache_index_and_filter_blocks: 0
  cache_index_and_filter_blocks_with_high_priority: 1
  pin_l0_filter_and_index_blocks_in_cache: 0
  pin_top_level_index_and_filter: 1
  index_type: 0
  data_block_index_type: 0
  index_shortening: 1
  data_block_hash_table_util_ratio: 0.750000
  hash_index_allow_collision: 1
  checksum: 1
  no_block_cache: 0
  block_cache: 0x55db6d58f310
  block_cache_name: LRUCache
  block_cache_options:
    capacity : 8388608
    num_shard_bits : 4
    strict_capacity_limit : 0
    memory_allocator : None
    high_pri_pool_ratio: 0.000
  block_cache_compressed: (nil)
  persistent_cache: (nil)
  block_size: 4096
  block_size_deviation: 10
  block_restart_interval: 16
  index_block_restart_interval: 1
  metadata_block_size: 4096
  partition_filters: 0
  use_delta_encoding: 1
  filter_policy: nullptr
  whole_key_filtering: 1
  verify_compression: 0
  read_amp_bytes_per_bit: 0
  format_version: 4
  enable_index_compression: 1
  block_align: 0
2022/07/11-21:20:47.771851 7fc3d067ec80        Options.write_buffer_size: 67108864
2022/07/11-21:20:47.771853 7fc3d067ec80  Options.max_write_buffer_number: 2
2022/07/11-21:20:47.771855 7fc3d067ec80          Options.compression: NoCompression
2022/07/11-21:20:47.771857 7fc3d067ec80                  Options.bottommost_compression: Disabled
2022/07/11-21:20:47.771859 7fc3d067ec80       Options.prefix_extractor: nullptr
2022/07/11-21:20:47.771860 7fc3d067ec80   Options.memtable_insert_with_hint_prefix_extractor: nullptr
2022/07/11-21:20:47.771862 7fc3d067ec80             Options.num_levels: 7
2022/07/11-21:20:47.771864 7fc3d067ec80        Options.min_write_buffer_number_to_merge: 1
2022/07/11-21:20:47.771866 7fc3d067ec80     Options.max_write_buffer_number_to_maintain: 0
2022/07/11-21:20:47.771867 7fc3d067ec80     Options.max_write_buffer_size_to_maintain: 0
2022/07/11-21:20:47.771869 7fc3d067ec80            Options.bottommost_compression_opts.window_bits: -14
2022/07/11-21:20:47.771871 7fc3d067ec80                  Options.bottommost_compression_opts.level: 32767
2022/07/11-21:20:47.771873 7fc3d067ec80               Options.bottommost_compression_opts.strategy: 0
2022/07/11-21:20:47.771874 7fc3d067ec80         Options.bottommost_compression_opts.max_dict_bytes: 0
2022/07/11-21:20:47.771876 7fc3d067ec80         Options.bottommost_compression_opts.zstd_max_train_bytes: 0
2022/07/11-21:20:47.771878 7fc3d067ec80         Options.bottommost_compression_opts.parallel_threads: 1
2022/07/11-21:20:47.771880 7fc3d067ec80                  Options.bottommost_compression_opts.enabled: false
2022/07/11-21:20:47.771882 7fc3d067ec80            Options.compression_opts.window_bits: -14
2022/07/11-21:20:47.771883 7fc3d067ec80                  Options.compression_opts.level: 32767
2022/07/11-21:20:47.771885 7fc3d067ec80               Options.compression_opts.strategy: 0
2022/07/11-21:20:47.771887 7fc3d067ec80         Options.compression_opts.max_dict_bytes: 0
2022/07/11-21:20:47.771889 7fc3d067ec80         Options.compression_opts.zstd_max_train_bytes: 0
2022/07/11-21:20:47.771890 7fc3d067ec80         Options.compression_opts.parallel_threads: 1
2022/07/11-21:20:47.771892 7fc3d067ec80                  Options.compression_opts.enabled: false
2022/07/11-21:20:47.771894 7fc3d067ec80      Options.level0_file_num_compaction_trigger: 4
2022/07/11-21:20:47.771896 7fc3d067ec80          Options.level0_slowdown_writes_trigger: 20
2022/07/11-21:20:47.771897 7fc3d067ec80              Options.level0_stop_writes_trigger: 36
2022/07/11-21:20:47.771899 7fc3d067ec80                   Options.target_file_size_base: 67108864
2022/07/11-21:20:47.771901 7fc3d067ec80             Options.target_file_size_multiplier: 1
2022/07/11-21:20:47.771903 7fc3d067ec80                Options.max_bytes_for_level_base: 268435456
2022/07/11-21:20:47.771905 7fc3d067ec80 Options.level_compaction_dynamic_level_bytes: 0
2022/07/11-21:20:47.771906 7fc3d067ec80          Options.max_bytes_for_level_multiplier: 10.000000
2022/07/11-21:20:47.771909 7fc3d067ec80 Options.max_bytes_for_level_multiplier_addtl[0]: 1
2022/07/11-21:20:47.771912 7fc3d067ec80 Options.max_bytes_for_level_multiplier_addtl[1]: 1
2022/07/11-21:20:47.771913 7fc3d067ec80 Options.max_bytes_for_level_multiplier_addtl[2]: 1
2022/07/11-21:20:47.771915 7fc3d067ec80 Options.max_bytes_for_level_multiplier_addtl[3]: 1
2022/07/11-21:20:47.771925 7fc3d067ec80 Options.max_bytes_for_level_multiplier_addtl[4]: 1
2022/07/11-21:20:47.771927 7fc3d067ec80 Options.max_bytes_for_level_multiplier_addtl[5]: 1
2022/07/11-21:20:47.771929 7fc3d067ec80 Options.max_bytes_for_level_multiplier_addtl[6]: 1
2022/07/11-21:20:47.771931 7fc3d067ec80       Options.max_sequential_skip_in_iterations: 8
2022/07/11-21:20:47.771933 7fc3d067ec80                    Options.max_compaction_bytes: 1677721600
2022/07/11-21:20:47.771935 7fc3d067ec80                        Options.arena_block_size: 8388608
2022/07/11-21:20:47.771937 7fc3d067ec80   Options.soft_pending_compaction_bytes_limit: 68719476736
2022/07/11-21:20:47.771938 7fc3d067ec80   Options.hard_pending_compaction_bytes_limit: 274877906944
2022/07/11-21:20:47.771940 7fc3d067ec80       Options.rate_limit_delay_max_milliseconds: 100
2022/07/11-21:20:47.771942 7fc3d067ec80                Options.disable_auto_compactions: 1
2022/07/11-21:20:47.771944 7fc3d067ec80                        Options.compaction_style: kCompactionStyleLevel
2022/07/11-21:20:47.771946 7fc3d067ec80                          Options.compaction_pri: kMinOverlappingRatio
2022/07/11-21:20:47.771948 7fc3d067ec80 Options.compaction_options_universal.size_ratio: 1
2022/07/11-21:20:47.771950 7fc3d067ec80 Options.compaction_options_universal.min_merge_width: 2
2022/07/11-21:20:47.771952 7fc3d067ec80 Options.compaction_options_universal.max_merge_width: 4294967295
2022/07/11-21:20:47.771953 7fc3d067ec80 Options.compaction_options_universal.max_size_amplification_percent: 200
2022/07/11-21:20:47.771955 7fc3d067ec80 Options.compaction_options_universal.compression_size_percent: -1
2022/07/11-21:20:47.771957 7fc3d067ec80 Options.compaction_options_universal.stop_style: kCompactionStopStyleTotalSize
2022/07/11-21:20:47.771959 7fc3d067ec80 Options.compaction_options_fifo.max_table_files_size: 1073741824
2022/07/11-21:20:47.771961 7fc3d067ec80 Options.compaction_options_fifo.allow_compaction: 0
2022/07/11-21:20:47.771964 7fc3d067ec80                   Options.table_properties_collectors: 
2022/07/11-21:20:47.771966 7fc3d067ec80                   Options.inplace_update_support: 0
2022/07/11-21:20:47.771967 7fc3d067ec80                 Options.inplace_update_num_locks: 10000
2022/07/11-21:20:47.771969 7fc3d067ec80               Options.memtable_prefix_bloom_size_ratio: 0.000000
2022/07/11-21:20:47.771971 7fc3d067ec80               Options.memtable_whole_key_filtering: 0
2022/07/11-21:20:47.771973 7fc3d067ec80   Options.memtable_huge_page_size: 0
2022/07/11-21:20:47.771975 7fc3d067ec80                           Options.bloom_locality: 0
2022/07/11-21:20:47.771977 7fc3d067ec80                    Options.max_successive_merges: 0
2022/07/11-21:20:47.771979 7fc3d067ec80                Options.optimize_filters_for_hits: 0
2022/07/11-21:20:47.771980 7fc3d067ec80                Options.paranoid_file_checks: 0
2022/07/11-21:20:47.771982 7fc3d067ec80                Options.force_consistency_checks: 1
2022/07/11-21:20:47.771984 7fc3d067ec80                Options.report_bg_io_stats: 0
2022/07/11-21:20:47.771986 7fc3d067ec80                               Options.ttl: 2592000
2022/07/11-21:20:47.771987 7fc3d067ec80          Options.periodic_compaction_seconds: 2592000
2022/07/11-21:20:47.771989 7fc3d067ec80                    Options.enable_blob_files: false
2022/07/11-21:20:47.771991 7fc3d067ec80                        Options.min_blob_size: 0
2022/07/11-21:20:47.771993 7fc3d067ec80                       Options.blob_file_size: 268435456
2022/07/11-21:20:47.771995 7fc3d067ec80                Options.blob_compression_type: NoCompression
2022/07/11-21:20:47.771996 7fc3d067ec80       Options.enable_blob_garbage_collection: false
2022/07/11-21:20:47.771998 7fc3d067ec80   Options.blob_garbage_collection_age_cutoff: 0.250000
2022/07/11-21:20:47.779344 7fc3d067ec80 [db/version_set.cc:4798] Recovered from manifest file:/home/patrick/InternetComputer/Hyperspace1/v0/NewWaveV0/0.0.2/.dfx/state/replicated_state/node-100/ic_consensus_pool/certification/MANIFEST-000037 succeeded,manifest_file_number is 37, next_file_number is 44, last_sequence is 14832, log_number is 31,prev_log_number is 0,max_column_family is 2,min_log_number_to_keep is 0
2022/07/11-21:20:47.779434 7fc3d067ec80 [db/version_set.cc:4813] Column family [default] (ID 0), log number is 31
2022/07/11-21:20:47.779439 7fc3d067ec80 [db/version_set.cc:4813] Column family [CE] (ID 1), log number is 31
2022/07/11-21:20:47.779441 7fc3d067ec80 [db/version_set.cc:4813] Column family [CES] (ID 2), log number is 31
2022/07/11-21:20:47.779588 7fc3d067ec80 [db/version_set.cc:4112] Creating manifest 44
2022/07/11-21:20:47.796878 7fc3d067ec80 EVENT_LOG_v1 {"time_micros": 1657588847796870, "job": 1, "event": "recovery_started", "wal_files": [38]}
2022/07/11-21:20:47.796888 7fc3d067ec80 [db/db_impl/db_impl_open.cc:847] Recovering log #38 mode 2
2022/07/11-21:20:47.821313 7fc3d067ec80 EVENT_LOG_v1 {"time_micros": 1657588847821271, "cf_name": "CE", "job": 1, "event": "table_file_creation", "file_number": 45, "file_size": 988458, "file_checksum": "", "file_checksum_func_name": "Unknown", "table_properties": {"data_size": 982968, "index_size": 4633, "index_partitions": 0, "top_level_index_size": 0, "index_key_is_user_key": 1, "index_value_is_delta_encoded": 1, "filter_size": 0, "raw_key_size": 231792, "raw_average_key_size": 48, "raw_value_size": 758153, "raw_average_value_size": 157, "num_data_blocks": 242, "num_entries": 4829, "num_deletions": 0, "num_merge_operands": 0, "num_range_deletions": 0, "format_version": 0, "fixed_key_len": 0, "filter_policy": "", "column_family_name": "CE", "column_family_id": 1, "comparator": "leveldb.BytewiseComparator", "merge_operator": "nullptr", "prefix_extractor_name": "nullptr", "property_collectors": "[]", "compression": "NoCompression", "compression_options": "window_bits=-14; level=32767; strategy=0; max_dict_bytes=0; zstd_max_train_bytes=0; enabled=0; ", "creation_time": 1657588847, "oldest_key_time": 0, "file_creation_time": 0, "db_id": "fdb8ff33-3432-4c8f-b35a-bfda98dc4b09", "db_session_id": "AMQL31M3QTBXXQ44GLCA"}}
