2022/04/03-23:33:38.419851 7fad6eba8c80 RocksDB version: 6.17.0
2022/04/03-23:33:38.419900 7fad6eba8c80 Git sha 0
2022/04/03-23:33:38.419944 7fad6eba8c80 DB SUMMARY
2022/04/03-23:33:38.419947 7fad6eba8c80 DB Session ID:  B3EYZDVQCFHR2LIJOCQ0
2022/04/03-23:33:38.419987 7fad6eba8c80 CURRENT file:  CURRENT
2022/04/03-23:33:38.419990 7fad6eba8c80 IDENTITY file:  IDENTITY
2022/04/03-23:33:38.419995 7fad6eba8c80 MANIFEST file:  MANIFEST-000084 size: 1745 Bytes
2022/04/03-23:33:38.419999 7fad6eba8c80 SST files in /home/patrick/InternetComputer/Hyperspace1/v0/NewWaveV0/0.0.2/.dfx/state/replicated_state/node-100/ic_consensus_pool/certification dir, Total Num: 2, files: 000092.sst 000095.sst 
2022/04/03-23:33:38.420001 7fad6eba8c80 Write Ahead Log file in /home/patrick/InternetComputer/Hyperspace1/v0/NewWaveV0/0.0.2/.dfx/state/replicated_state/node-100/ic_consensus_pool/certification: 000090.log size: 221 ; 000093.log size: 1668138 ; 
2022/04/03-23:33:38.420004 7fad6eba8c80                         Options.error_if_exists: 0
2022/04/03-23:33:38.420006 7fad6eba8c80                       Options.create_if_missing: 1
2022/04/03-23:33:38.420008 7fad6eba8c80                         Options.paranoid_checks: 1
2022/04/03-23:33:38.420010 7fad6eba8c80                               Options.track_and_verify_wals_in_manifest: 0
2022/04/03-23:33:38.420012 7fad6eba8c80                                     Options.env: 0x5644fcfa62e0
2022/04/03-23:33:38.420015 7fad6eba8c80                                      Options.fs: Posix File System
2022/04/03-23:33:38.420017 7fad6eba8c80                                Options.info_log: 0x5645343cc4a0
2022/04/03-23:33:38.420018 7fad6eba8c80                Options.max_file_opening_threads: 16
2022/04/03-23:33:38.420020 7fad6eba8c80                              Options.statistics: (nil)
2022/04/03-23:33:38.420022 7fad6eba8c80                               Options.use_fsync: 1
2022/04/03-23:33:38.420024 7fad6eba8c80                       Options.max_log_file_size: 0
2022/04/03-23:33:38.420026 7fad6eba8c80                  Options.max_manifest_file_size: 1073741824
2022/04/03-23:33:38.420028 7fad6eba8c80                   Options.log_file_time_to_roll: 0
2022/04/03-23:33:38.420030 7fad6eba8c80                       Options.keep_log_file_num: 1000
2022/04/03-23:33:38.420032 7fad6eba8c80                    Options.recycle_log_file_num: 0
2022/04/03-23:33:38.420034 7fad6eba8c80                         Options.allow_fallocate: 1
2022/04/03-23:33:38.420035 7fad6eba8c80                        Options.allow_mmap_reads: 0
2022/04/03-23:33:38.420037 7fad6eba8c80                       Options.allow_mmap_writes: 0
2022/04/03-23:33:38.420039 7fad6eba8c80                        Options.use_direct_reads: 0
2022/04/03-23:33:38.420041 7fad6eba8c80                        Options.use_direct_io_for_flush_and_compaction: 0
2022/04/03-23:33:38.420043 7fad6eba8c80          Options.create_missing_column_families: 1
2022/04/03-23:33:38.420045 7fad6eba8c80                              Options.db_log_dir: 
2022/04/03-23:33:38.420047 7fad6eba8c80                                 Options.wal_dir: /home/patrick/InternetComputer/Hyperspace1/v0/NewWaveV0/0.0.2/.dfx/state/replicated_state/node-100/ic_consensus_pool/certification
2022/04/03-23:33:38.420049 7fad6eba8c80                Options.table_cache_numshardbits: 6
2022/04/03-23:33:38.420051 7fad6eba8c80                         Options.WAL_ttl_seconds: 0
2022/04/03-23:33:38.420052 7fad6eba8c80                       Options.WAL_size_limit_MB: 0
2022/04/03-23:33:38.420054 7fad6eba8c80                        Options.max_write_batch_group_size_bytes: 1048576
2022/04/03-23:33:38.420056 7fad6eba8c80             Options.manifest_preallocation_size: 4194304
2022/04/03-23:33:38.420058 7fad6eba8c80                     Options.is_fd_close_on_exec: 1
2022/04/03-23:33:38.420060 7fad6eba8c80                   Options.advise_random_on_open: 1
2022/04/03-23:33:38.420062 7fad6eba8c80                    Options.db_write_buffer_size: 0
2022/04/03-23:33:38.420064 7fad6eba8c80                    Options.write_buffer_manager: 0x5645344a0500
2022/04/03-23:33:38.420066 7fad6eba8c80         Options.access_hint_on_compaction_start: 1
2022/04/03-23:33:38.420077 7fad6eba8c80  Options.new_table_reader_for_compaction_inputs: 0
2022/04/03-23:33:38.420079 7fad6eba8c80           Options.random_access_max_buffer_size: 1048576
2022/04/03-23:33:38.420081 7fad6eba8c80                      Options.use_adaptive_mutex: 0
2022/04/03-23:33:38.420083 7fad6eba8c80                            Options.rate_limiter: (nil)
2022/04/03-23:33:38.420085 7fad6eba8c80     Options.sst_file_manager.rate_bytes_per_sec: 0
2022/04/03-23:33:38.420087 7fad6eba8c80                       Options.wal_recovery_mode: 2
2022/04/03-23:33:38.420089 7fad6eba8c80                  Options.enable_thread_tracking: 0
2022/04/03-23:33:38.420091 7fad6eba8c80                  Options.enable_pipelined_write: 0
2022/04/03-23:33:38.420093 7fad6eba8c80                  Options.unordered_write: 0
2022/04/03-23:33:38.420094 7fad6eba8c80         Options.allow_concurrent_memtable_write: 1
2022/04/03-23:33:38.420096 7fad6eba8c80      Options.enable_write_thread_adaptive_yield: 1
2022/04/03-23:33:38.420098 7fad6eba8c80             Options.write_thread_max_yield_usec: 100
2022/04/03-23:33:38.420100 7fad6eba8c80            Options.write_thread_slow_yield_usec: 3
2022/04/03-23:33:38.420102 7fad6eba8c80                               Options.row_cache: None
2022/04/03-23:33:38.420103 7fad6eba8c80                              Options.wal_filter: None
2022/04/03-23:33:38.420106 7fad6eba8c80             Options.avoid_flush_during_recovery: 0
2022/04/03-23:33:38.420108 7fad6eba8c80             Options.allow_ingest_behind: 0
2022/04/03-23:33:38.420110 7fad6eba8c80             Options.preserve_deletes: 0
2022/04/03-23:33:38.420111 7fad6eba8c80             Options.two_write_queues: 0
2022/04/03-23:33:38.420113 7fad6eba8c80             Options.manual_wal_flush: 0
2022/04/03-23:33:38.420115 7fad6eba8c80             Options.atomic_flush: 0
2022/04/03-23:33:38.420117 7fad6eba8c80             Options.avoid_unnecessary_blocking_io: 0
2022/04/03-23:33:38.420119 7fad6eba8c80                 Options.persist_stats_to_disk: 0
2022/04/03-23:33:38.420121 7fad6eba8c80                 Options.write_dbid_to_manifest: 0
2022/04/03-23:33:38.420122 7fad6eba8c80                 Options.log_readahead_size: 0
2022/04/03-23:33:38.420124 7fad6eba8c80                 Options.file_checksum_gen_factory: Unknown
2022/04/03-23:33:38.420126 7fad6eba8c80                 Options.best_efforts_recovery: 0
2022/04/03-23:33:38.420128 7fad6eba8c80                Options.max_bgerror_resume_count: 2147483647
2022/04/03-23:33:38.420130 7fad6eba8c80            Options.bgerror_resume_retry_interval: 1000000
2022/04/03-23:33:38.420132 7fad6eba8c80             Options.allow_data_in_errors: 0
2022/04/03-23:33:38.420134 7fad6eba8c80             Options.db_host_id: __hostname__
2022/04/03-23:33:38.420136 7fad6eba8c80             Options.max_background_jobs: 2
2022/04/03-23:33:38.420137 7fad6eba8c80             Options.max_background_compactions: -1
2022/04/03-23:33:38.420139 7fad6eba8c80             Options.max_subcompactions: 1
2022/04/03-23:33:38.420141 7fad6eba8c80             Options.avoid_flush_during_shutdown: 0
2022/04/03-23:33:38.420143 7fad6eba8c80           Options.writable_file_max_buffer_size: 1048576
2022/04/03-23:33:38.420183 7fad6eba8c80             Options.delayed_write_rate : 16777216
2022/04/03-23:33:38.420185 7fad6eba8c80             Options.max_total_wal_size: 0
2022/04/03-23:33:38.420187 7fad6eba8c80             Options.delete_obsolete_files_period_micros: 21600000000
2022/04/03-23:33:38.420189 7fad6eba8c80                   Options.stats_dump_period_sec: 600
2022/04/03-23:33:38.420191 7fad6eba8c80                 Options.stats_persist_period_sec: 600
2022/04/03-23:33:38.420193 7fad6eba8c80                 Options.stats_history_buffer_size: 1048576
2022/04/03-23:33:38.420195 7fad6eba8c80                          Options.max_open_files: -1
2022/04/03-23:33:38.420197 7fad6eba8c80                          Options.bytes_per_sync: 0
2022/04/03-23:33:38.420198 7fad6eba8c80                      Options.wal_bytes_per_sync: 0
2022/04/03-23:33:38.420210 7fad6eba8c80                   Options.strict_bytes_per_sync: 0
2022/04/03-23:33:38.420212 7fad6eba8c80       Options.compaction_readahead_size: 0
2022/04/03-23:33:38.420214 7fad6eba8c80                  Options.max_background_flushes: -1
2022/04/03-23:33:38.420216 7fad6eba8c80 Compression algorithms supported:
2022/04/03-23:33:38.420218 7fad6eba8c80 	kZSTDNotFinalCompression supported: 1
2022/04/03-23:33:38.420221 7fad6eba8c80 	kZSTD supported: 1
2022/04/03-23:33:38.420223 7fad6eba8c80 	kXpressCompression supported: 0
2022/04/03-23:33:38.420225 7fad6eba8c80 	kLZ4HCCompression supported: 1
2022/04/03-23:33:38.420227 7fad6eba8c80 	kLZ4Compression supported: 1
2022/04/03-23:33:38.420229 7fad6eba8c80 	kBZip2Compression supported: 1
2022/04/03-23:33:38.420231 7fad6eba8c80 	kZlibCompression supported: 1
2022/04/03-23:33:38.420233 7fad6eba8c80 	kSnappyCompression supported: 1
2022/04/03-23:33:38.420240 7fad6eba8c80 Fast CRC32 supported: Supported on x86
2022/04/03-23:33:38.420949 7fad6eba8c80 [db/version_set.cc:4758] Recovering from manifest file: /home/patrick/InternetComputer/Hyperspace1/v0/NewWaveV0/0.0.2/.dfx/state/replicated_state/node-100/ic_consensus_pool/certification/MANIFEST-000084
2022/04/03-23:33:38.421093 7fad6eba8c80 [db/column_family.cc:595] --------------- Options for column family [default]:
2022/04/03-23:33:38.421097 7fad6eba8c80               Options.comparator: leveldb.BytewiseComparator
2022/04/03-23:33:38.421100 7fad6eba8c80           Options.merge_operator: None
2022/04/03-23:33:38.421102 7fad6eba8c80        Options.compaction_filter: None
2022/04/03-23:33:38.421104 7fad6eba8c80        Options.compaction_filter_factory: None
2022/04/03-23:33:38.421106 7fad6eba8c80  Options.sst_partitioner_factory: None
2022/04/03-23:33:38.421108 7fad6eba8c80         Options.memtable_factory: SkipListFactory
2022/04/03-23:33:38.421109 7fad6eba8c80            Options.table_factory: BlockBasedTable
2022/04/03-23:33:38.421144 7fad6eba8c80            table_factory options:   flush_block_policy_factory: FlushBlockBySizePolicyFactory (0x5645343c9c90)
  cache_index_and_filter_blocks: 0
  cache_index_and_filter_blocks_with_high_priority: 1
  pin_l0_filter_and_index_blocks_in_cache: 0
  pin_top_level_index_and_filter: 1
  index_type: 0
  data_block_index_type: 0
  index_shortening: 1
  data_block_hash_table_util_ratio: 0.750000
  hash_index_allow_collision: 1
  checksum: 1
  no_block_cache: 0
  block_cache: 0x5645343cc270
  block_cache_name: LRUCache
  block_cache_options:
    capacity : 8388608
    num_shard_bits : 4
    strict_capacity_limit : 0
    memory_allocator : None
    high_pri_pool_ratio: 0.000
  block_cache_compressed: (nil)
  persistent_cache: (nil)
  block_size: 4096
  block_size_deviation: 10
  block_restart_interval: 16
  index_block_restart_interval: 1
  metadata_block_size: 4096
  partition_filters: 0
  use_delta_encoding: 1
  filter_policy: nullptr
  whole_key_filtering: 1
  verify_compression: 0
  read_amp_bytes_per_bit: 0
  format_version: 4
  enable_index_compression: 1
  block_align: 0
2022/04/03-23:33:38.421146 7fad6eba8c80        Options.write_buffer_size: 67108864
2022/04/03-23:33:38.421148 7fad6eba8c80  Options.max_write_buffer_number: 2
2022/04/03-23:33:38.421151 7fad6eba8c80          Options.compression: Snappy
2022/04/03-23:33:38.421152 7fad6eba8c80                  Options.bottommost_compression: Disabled
2022/04/03-23:33:38.421154 7fad6eba8c80       Options.prefix_extractor: nullptr
2022/04/03-23:33:38.421157 7fad6eba8c80   Options.memtable_insert_with_hint_prefix_extractor: nullptr
2022/04/03-23:33:38.421158 7fad6eba8c80             Options.num_levels: 7
2022/04/03-23:33:38.421160 7fad6eba8c80        Options.min_write_buffer_number_to_merge: 1
2022/04/03-23:33:38.421162 7fad6eba8c80     Options.max_write_buffer_number_to_maintain: 0
2022/04/03-23:33:38.421164 7fad6eba8c80     Options.max_write_buffer_size_to_maintain: 0
2022/04/03-23:33:38.421166 7fad6eba8c80            Options.bottommost_compression_opts.window_bits: -14
2022/04/03-23:33:38.421168 7fad6eba8c80                  Options.bottommost_compression_opts.level: 32767
2022/04/03-23:33:38.421186 7fad6eba8c80               Options.bottommost_compression_opts.strategy: 0
2022/04/03-23:33:38.421188 7fad6eba8c80         Options.bottommost_compression_opts.max_dict_bytes: 0
2022/04/03-23:33:38.421190 7fad6eba8c80         Options.bottommost_compression_opts.zstd_max_train_bytes: 0
2022/04/03-23:33:38.421192 7fad6eba8c80         Options.bottommost_compression_opts.parallel_threads: 1
2022/04/03-23:33:38.421194 7fad6eba8c80                  Options.bottommost_compression_opts.enabled: false
2022/04/03-23:33:38.421195 7fad6eba8c80            Options.compression_opts.window_bits: -14
2022/04/03-23:33:38.421197 7fad6eba8c80                  Options.compression_opts.level: 32767
2022/04/03-23:33:38.421199 7fad6eba8c80               Options.compression_opts.strategy: 0
2022/04/03-23:33:38.421201 7fad6eba8c80         Options.compression_opts.max_dict_bytes: 0
2022/04/03-23:33:38.421203 7fad6eba8c80         Options.compression_opts.zstd_max_train_bytes: 0
2022/04/03-23:33:38.421205 7fad6eba8c80         Options.compression_opts.parallel_threads: 1
2022/04/03-23:33:38.421207 7fad6eba8c80                  Options.compression_opts.enabled: false
2022/04/03-23:33:38.421208 7fad6eba8c80      Options.level0_file_num_compaction_trigger: 4
2022/04/03-23:33:38.421210 7fad6eba8c80          Options.level0_slowdown_writes_trigger: 20
2022/04/03-23:33:38.421212 7fad6eba8c80              Options.level0_stop_writes_trigger: 36
2022/04/03-23:33:38.421214 7fad6eba8c80                   Options.target_file_size_base: 67108864
2022/04/03-23:33:38.421216 7fad6eba8c80             Options.target_file_size_multiplier: 1
2022/04/03-23:33:38.421218 7fad6eba8c80                Options.max_bytes_for_level_base: 268435456
2022/04/03-23:33:38.421220 7fad6eba8c80 Options.level_compaction_dynamic_level_bytes: 0
2022/04/03-23:33:38.421222 7fad6eba8c80          Options.max_bytes_for_level_multiplier: 10.000000
2022/04/03-23:33:38.421225 7fad6eba8c80 Options.max_bytes_for_level_multiplier_addtl[0]: 1
2022/04/03-23:33:38.421228 7fad6eba8c80 Options.max_bytes_for_level_multiplier_addtl[1]: 1
2022/04/03-23:33:38.421230 7fad6eba8c80 Options.max_bytes_for_level_multiplier_addtl[2]: 1
2022/04/03-23:33:38.421231 7fad6eba8c80 Options.max_bytes_for_level_multiplier_addtl[3]: 1
2022/04/03-23:33:38.421233 7fad6eba8c80 Options.max_bytes_for_level_multiplier_addtl[4]: 1
2022/04/03-23:33:38.421235 7fad6eba8c80 Options.max_bytes_for_level_multiplier_addtl[5]: 1
2022/04/03-23:33:38.421237 7fad6eba8c80 Options.max_bytes_for_level_multiplier_addtl[6]: 1
2022/04/03-23:33:38.421239 7fad6eba8c80       Options.max_sequential_skip_in_iterations: 8
2022/04/03-23:33:38.421241 7fad6eba8c80                    Options.max_compaction_bytes: 1677721600
2022/04/03-23:33:38.421243 7fad6eba8c80                        Options.arena_block_size: 8388608
2022/04/03-23:33:38.421245 7fad6eba8c80   Options.soft_pending_compaction_bytes_limit: 68719476736
2022/04/03-23:33:38.421246 7fad6eba8c80   Options.hard_pending_compaction_bytes_limit: 274877906944
2022/04/03-23:33:38.421248 7fad6eba8c80       Options.rate_limit_delay_max_milliseconds: 100
2022/04/03-23:33:38.421250 7fad6eba8c80                Options.disable_auto_compactions: 0
2022/04/03-23:33:38.421253 7fad6eba8c80                        Options.compaction_style: kCompactionStyleLevel
2022/04/03-23:33:38.421256 7fad6eba8c80                          Options.compaction_pri: kMinOverlappingRatio
2022/04/03-23:33:38.421257 7fad6eba8c80 Options.compaction_options_universal.size_ratio: 1
2022/04/03-23:33:38.421259 7fad6eba8c80 Options.compaction_options_universal.min_merge_width: 2
2022/04/03-23:33:38.421261 7fad6eba8c80 Options.compaction_options_universal.max_merge_width: 4294967295
2022/04/03-23:33:38.421263 7fad6eba8c80 Options.compaction_options_universal.max_size_amplification_percent: 200
2022/04/03-23:33:38.421265 7fad6eba8c80 Options.compaction_options_universal.compression_size_percent: -1
2022/04/03-23:33:38.421267 7fad6eba8c80 Options.compaction_options_universal.stop_style: kCompactionStopStyleTotalSize
2022/04/03-23:33:38.421276 7fad6eba8c80 Options.compaction_options_fifo.max_table_files_size: 1073741824
2022/04/03-23:33:38.421278 7fad6eba8c80 Options.compaction_options_fifo.allow_compaction: 0
2022/04/03-23:33:38.421287 7fad6eba8c80                   Options.table_properties_collectors: 
2022/04/03-23:33:38.421289 7fad6eba8c80                   Options.inplace_update_support: 0
2022/04/03-23:33:38.421291 7fad6eba8c80                 Options.inplace_update_num_locks: 10000
2022/04/03-23:33:38.421293 7fad6eba8c80               Options.memtable_prefix_bloom_size_ratio: 0.000000
2022/04/03-23:33:38.421295 7fad6eba8c80               Options.memtable_whole_key_filtering: 0
2022/04/03-23:33:38.421297 7fad6eba8c80   Options.memtable_huge_page_size: 0
2022/04/03-23:33:38.421299 7fad6eba8c80                           Options.bloom_locality: 0
2022/04/03-23:33:38.421301 7fad6eba8c80                    Options.max_successive_merges: 0
2022/04/03-23:33:38.421302 7fad6eba8c80                Options.optimize_filters_for_hits: 0
2022/04/03-23:33:38.421304 7fad6eba8c80                Options.paranoid_file_checks: 0
2022/04/03-23:33:38.421306 7fad6eba8c80                Options.force_consistency_checks: 1
2022/04/03-23:33:38.421308 7fad6eba8c80                Options.report_bg_io_stats: 0
2022/04/03-23:33:38.421310 7fad6eba8c80                               Options.ttl: 2592000
2022/04/03-23:33:38.421311 7fad6eba8c80          Options.periodic_compaction_seconds: 0
2022/04/03-23:33:38.421313 7fad6eba8c80                    Options.enable_blob_files: false
2022/04/03-23:33:38.421315 7fad6eba8c80                        Options.min_blob_size: 0
2022/04/03-23:33:38.421317 7fad6eba8c80                       Options.blob_file_size: 268435456
2022/04/03-23:33:38.421319 7fad6eba8c80                Options.blob_compression_type: NoCompression
2022/04/03-23:33:38.421321 7fad6eba8c80       Options.enable_blob_garbage_collection: false
2022/04/03-23:33:38.421322 7fad6eba8c80   Options.blob_garbage_collection_age_cutoff: 0.250000
2022/04/03-23:33:38.421961 7fad6eba8c80 [db/column_family.cc:595] --------------- Options for column family [CE]:
2022/04/03-23:33:38.421970 7fad6eba8c80               Options.comparator: leveldb.BytewiseComparator
2022/04/03-23:33:38.421972 7fad6eba8c80           Options.merge_operator: None
2022/04/03-23:33:38.421977 7fad6eba8c80        Options.compaction_filter: filter_outdated
2022/04/03-23:33:38.421979 7fad6eba8c80        Options.compaction_filter_factory: None
2022/04/03-23:33:38.421981 7fad6eba8c80  Options.sst_partitioner_factory: None
2022/04/03-23:33:38.421983 7fad6eba8c80         Options.memtable_factory: SkipListFactory
2022/04/03-23:33:38.421985 7fad6eba8c80            Options.table_factory: BlockBasedTable
2022/04/03-23:33:38.422019 7fad6eba8c80            table_factory options:   flush_block_policy_factory: FlushBlockBySizePolicyFactory (0x5645343f1db0)
  cache_index_and_filter_blocks: 0
  cache_index_and_filter_blocks_with_high_priority: 1
  pin_l0_filter_and_index_blocks_in_cache: 0
  pin_top_level_index_and_filter: 1
  index_type: 0
  data_block_index_type: 0
  index_shortening: 1
  data_block_hash_table_util_ratio: 0.750000
  hash_index_allow_collision: 1
  checksum: 1
  no_block_cache: 0
  block_cache: 0x564534593020
  block_cache_name: LRUCache
  block_cache_options:
    capacity : 8388608
    num_shard_bits : 4
    strict_capacity_limit : 0
    memory_allocator : None
    high_pri_pool_ratio: 0.000
  block_cache_compressed: (nil)
  persistent_cache: (nil)
  block_size: 4096
  block_size_deviation: 10
  block_restart_interval: 16
  index_block_restart_interval: 1
  metadata_block_size: 4096
  partition_filters: 0
  use_delta_encoding: 1
  filter_policy: nullptr
  whole_key_filtering: 1
  verify_compression: 0
  read_amp_bytes_per_bit: 0
  format_version: 4
  enable_index_compression: 1
  block_align: 0
2022/04/03-23:33:38.422022 7fad6eba8c80        Options.write_buffer_size: 67108864
2022/04/03-23:33:38.422024 7fad6eba8c80  Options.max_write_buffer_number: 2
2022/04/03-23:33:38.422047 7fad6eba8c80          Options.compression: NoCompression
2022/04/03-23:33:38.422050 7fad6eba8c80                  Options.bottommost_compression: Disabled
2022/04/03-23:33:38.422052 7fad6eba8c80       Options.prefix_extractor: nullptr
2022/04/03-23:33:38.422054 7fad6eba8c80   Options.memtable_insert_with_hint_prefix_extractor: nullptr
2022/04/03-23:33:38.422056 7fad6eba8c80             Options.num_levels: 7
2022/04/03-23:33:38.422058 7fad6eba8c80        Options.min_write_buffer_number_to_merge: 1
2022/04/03-23:33:38.422060 7fad6eba8c80     Options.max_write_buffer_number_to_maintain: 0
2022/04/03-23:33:38.422061 7fad6eba8c80     Options.max_write_buffer_size_to_maintain: 0
2022/04/03-23:33:38.422063 7fad6eba8c80            Options.bottommost_compression_opts.window_bits: -14
2022/04/03-23:33:38.422065 7fad6eba8c80                  Options.bottommost_compression_opts.level: 32767
2022/04/03-23:33:38.422067 7fad6eba8c80               Options.bottommost_compression_opts.strategy: 0
2022/04/03-23:33:38.422069 7fad6eba8c80         Options.bottommost_compression_opts.max_dict_bytes: 0
2022/04/03-23:33:38.422071 7fad6eba8c80         Options.bottommost_compression_opts.zstd_max_train_bytes: 0
2022/04/03-23:33:38.422073 7fad6eba8c80         Options.bottommost_compression_opts.parallel_threads: 1
2022/04/03-23:33:38.422075 7fad6eba8c80                  Options.bottommost_compression_opts.enabled: false
2022/04/03-23:33:38.422077 7fad6eba8c80            Options.compression_opts.window_bits: -14
2022/04/03-23:33:38.422079 7fad6eba8c80                  Options.compression_opts.level: 32767
2022/04/03-23:33:38.422081 7fad6eba8c80               Options.compression_opts.strategy: 0
2022/04/03-23:33:38.422082 7fad6eba8c80         Options.compression_opts.max_dict_bytes: 0
2022/04/03-23:33:38.422084 7fad6eba8c80         Options.compression_opts.zstd_max_train_bytes: 0
2022/04/03-23:33:38.422086 7fad6eba8c80         Options.compression_opts.parallel_threads: 1
2022/04/03-23:33:38.422088 7fad6eba8c80                  Options.compression_opts.enabled: false
2022/04/03-23:33:38.422090 7fad6eba8c80      Options.level0_file_num_compaction_trigger: 4
2022/04/03-23:33:38.422092 7fad6eba8c80          Options.level0_slowdown_writes_trigger: 20
2022/04/03-23:33:38.422094 7fad6eba8c80              Options.level0_stop_writes_trigger: 36
2022/04/03-23:33:38.422096 7fad6eba8c80                   Options.target_file_size_base: 67108864
2022/04/03-23:33:38.422098 7fad6eba8c80             Options.target_file_size_multiplier: 1
2022/04/03-23:33:38.422100 7fad6eba8c80                Options.max_bytes_for_level_base: 268435456
2022/04/03-23:33:38.422102 7fad6eba8c80 Options.level_compaction_dynamic_level_bytes: 0
2022/04/03-23:33:38.422104 7fad6eba8c80          Options.max_bytes_for_level_multiplier: 10.000000
2022/04/03-23:33:38.422108 7fad6eba8c80 Options.max_bytes_for_level_multiplier_addtl[0]: 1
2022/04/03-23:33:38.422110 7fad6eba8c80 Options.max_bytes_for_level_multiplier_addtl[1]: 1
2022/04/03-23:33:38.422112 7fad6eba8c80 Options.max_bytes_for_level_multiplier_addtl[2]: 1
2022/04/03-23:33:38.422114 7fad6eba8c80 Options.max_bytes_for_level_multiplier_addtl[3]: 1
2022/04/03-23:33:38.422116 7fad6eba8c80 Options.max_bytes_for_level_multiplier_addtl[4]: 1
2022/04/03-23:33:38.422118 7fad6eba8c80 Options.max_bytes_for_level_multiplier_addtl[5]: 1
2022/04/03-23:33:38.422119 7fad6eba8c80 Options.max_bytes_for_level_multiplier_addtl[6]: 1
2022/04/03-23:33:38.422121 7fad6eba8c80       Options.max_sequential_skip_in_iterations: 8
2022/04/03-23:33:38.422123 7fad6eba8c80                    Options.max_compaction_bytes: 1677721600
2022/04/03-23:33:38.422125 7fad6eba8c80                        Options.arena_block_size: 8388608
2022/04/03-23:33:38.422127 7fad6eba8c80   Options.soft_pending_compaction_bytes_limit: 68719476736
2022/04/03-23:33:38.422129 7fad6eba8c80   Options.hard_pending_compaction_bytes_limit: 274877906944
2022/04/03-23:33:38.422131 7fad6eba8c80       Options.rate_limit_delay_max_milliseconds: 100
2022/04/03-23:33:38.422140 7fad6eba8c80                Options.disable_auto_compactions: 1
2022/04/03-23:33:38.422144 7fad6eba8c80                        Options.compaction_style: kCompactionStyleLevel
2022/04/03-23:33:38.422146 7fad6eba8c80                          Options.compaction_pri: kMinOverlappingRatio
2022/04/03-23:33:38.422148 7fad6eba8c80 Options.compaction_options_universal.size_ratio: 1
2022/04/03-23:33:38.422150 7fad6eba8c80 Options.compaction_options_universal.min_merge_width: 2
2022/04/03-23:33:38.422152 7fad6eba8c80 Options.compaction_options_universal.max_merge_width: 4294967295
2022/04/03-23:33:38.422154 7fad6eba8c80 Options.compaction_options_universal.max_size_amplification_percent: 200
2022/04/03-23:33:38.422156 7fad6eba8c80 Options.compaction_options_universal.compression_size_percent: -1
2022/04/03-23:33:38.422158 7fad6eba8c80 Options.compaction_options_universal.stop_style: kCompactionStopStyleTotalSize
2022/04/03-23:33:38.422160 7fad6eba8c80 Options.compaction_options_fifo.max_table_files_size: 1073741824
2022/04/03-23:33:38.422162 7fad6eba8c80 Options.compaction_options_fifo.allow_compaction: 0
2022/04/03-23:33:38.422170 7fad6eba8c80                   Options.table_properties_collectors: 
2022/04/03-23:33:38.422172 7fad6eba8c80                   Options.inplace_update_support: 0
2022/04/03-23:33:38.422174 7fad6eba8c80                 Options.inplace_update_num_locks: 10000
2022/04/03-23:33:38.422176 7fad6eba8c80               Options.memtable_prefix_bloom_size_ratio: 0.000000
2022/04/03-23:33:38.422178 7fad6eba8c80               Options.memtable_whole_key_filtering: 0
2022/04/03-23:33:38.422180 7fad6eba8c80   Options.memtable_huge_page_size: 0
2022/04/03-23:33:38.422182 7fad6eba8c80                           Options.bloom_locality: 0
2022/04/03-23:33:38.422184 7fad6eba8c80                    Options.max_successive_merges: 0
2022/04/03-23:33:38.422186 7fad6eba8c80                Options.optimize_filters_for_hits: 0
2022/04/03-23:33:38.422188 7fad6eba8c80                Options.paranoid_file_checks: 0
2022/04/03-23:33:38.422189 7fad6eba8c80                Options.force_consistency_checks: 1
2022/04/03-23:33:38.422191 7fad6eba8c80                Options.report_bg_io_stats: 0
2022/04/03-23:33:38.422193 7fad6eba8c80                               Options.ttl: 2592000
2022/04/03-23:33:38.422195 7fad6eba8c80          Options.periodic_compaction_seconds: 2592000
2022/04/03-23:33:38.422197 7fad6eba8c80                    Options.enable_blob_files: false
2022/04/03-23:33:38.422198 7fad6eba8c80                        Options.min_blob_size: 0
2022/04/03-23:33:38.422200 7fad6eba8c80                       Options.blob_file_size: 268435456
2022/04/03-23:33:38.422202 7fad6eba8c80                Options.blob_compression_type: NoCompression
2022/04/03-23:33:38.422204 7fad6eba8c80       Options.enable_blob_garbage_collection: false
2022/04/03-23:33:38.422206 7fad6eba8c80   Options.blob_garbage_collection_age_cutoff: 0.250000
2022/04/03-23:33:38.422255 7fad6eba8c80 [db/column_family.cc:595] --------------- Options for column family [CES]:
2022/04/03-23:33:38.422258 7fad6eba8c80               Options.comparator: leveldb.BytewiseComparator
2022/04/03-23:33:38.422260 7fad6eba8c80           Options.merge_operator: None
2022/04/03-23:33:38.422262 7fad6eba8c80        Options.compaction_filter: filter_outdated
2022/04/03-23:33:38.422264 7fad6eba8c80        Options.compaction_filter_factory: None
2022/04/03-23:33:38.422266 7fad6eba8c80  Options.sst_partitioner_factory: None
2022/04/03-23:33:38.422268 7fad6eba8c80         Options.memtable_factory: SkipListFactory
2022/04/03-23:33:38.422269 7fad6eba8c80            Options.table_factory: BlockBasedTable
2022/04/03-23:33:38.422295 7fad6eba8c80            table_factory options:   flush_block_policy_factory: FlushBlockBySizePolicyFactory (0x564534421690)
  cache_index_and_filter_blocks: 0
  cache_index_and_filter_blocks_with_high_priority: 1
  pin_l0_filter_and_index_blocks_in_cache: 0
  pin_top_level_index_and_filter: 1
  index_type: 0
  data_block_index_type: 0
  index_shortening: 1
  data_block_hash_table_util_ratio: 0.750000
  hash_index_allow_collision: 1
  checksum: 1
  no_block_cache: 0
  block_cache: 0x5645344ba6c0
  block_cache_name: LRUCache
  block_cache_options:
    capacity : 8388608
    num_shard_bits : 4
    strict_capacity_limit : 0
    memory_allocator : None
    high_pri_pool_ratio: 0.000
  block_cache_compressed: (nil)
  persistent_cache: (nil)
  block_size: 4096
  block_size_deviation: 10
  block_restart_interval: 16
  index_block_restart_interval: 1
  metadata_block_size: 4096
  partition_filters: 0
  use_delta_encoding: 1
  filter_policy: nullptr
  whole_key_filtering: 1
  verify_compression: 0
  read_amp_bytes_per_bit: 0
  format_version: 4
  enable_index_compression: 1
  block_align: 0
2022/04/03-23:33:38.422305 7fad6eba8c80        Options.write_buffer_size: 67108864
2022/04/03-23:33:38.422307 7fad6eba8c80  Options.max_write_buffer_number: 2
2022/04/03-23:33:38.422309 7fad6eba8c80          Options.compression: NoCompression
2022/04/03-23:33:38.422311 7fad6eba8c80                  Options.bottommost_compression: Disabled
2022/04/03-23:33:38.422313 7fad6eba8c80       Options.prefix_extractor: nullptr
2022/04/03-23:33:38.422314 7fad6eba8c80   Options.memtable_insert_with_hint_prefix_extractor: nullptr
2022/04/03-23:33:38.422316 7fad6eba8c80             Options.num_levels: 7
2022/04/03-23:33:38.422318 7fad6eba8c80        Options.min_write_buffer_number_to_merge: 1
2022/04/03-23:33:38.422320 7fad6eba8c80     Options.max_write_buffer_number_to_maintain: 0
2022/04/03-23:33:38.422322 7fad6eba8c80     Options.max_write_buffer_size_to_maintain: 0
2022/04/03-23:33:38.422323 7fad6eba8c80            Options.bottommost_compression_opts.window_bits: -14
2022/04/03-23:33:38.422325 7fad6eba8c80                  Options.bottommost_compression_opts.level: 32767
2022/04/03-23:33:38.422327 7fad6eba8c80               Options.bottommost_compression_opts.strategy: 0
2022/04/03-23:33:38.422329 7fad6eba8c80         Options.bottommost_compression_opts.max_dict_bytes: 0
2022/04/03-23:33:38.422331 7fad6eba8c80         Options.bottommost_compression_opts.zstd_max_train_bytes: 0
2022/04/03-23:33:38.422332 7fad6eba8c80         Options.bottommost_compression_opts.parallel_threads: 1
2022/04/03-23:33:38.422334 7fad6eba8c80                  Options.bottommost_compression_opts.enabled: false
2022/04/03-23:33:38.422336 7fad6eba8c80            Options.compression_opts.window_bits: -14
2022/04/03-23:33:38.422338 7fad6eba8c80                  Options.compression_opts.level: 32767
2022/04/03-23:33:38.422340 7fad6eba8c80               Options.compression_opts.strategy: 0
2022/04/03-23:33:38.422341 7fad6eba8c80         Options.compression_opts.max_dict_bytes: 0
2022/04/03-23:33:38.422343 7fad6eba8c80         Options.compression_opts.zstd_max_train_bytes: 0
2022/04/03-23:33:38.422345 7fad6eba8c80         Options.compression_opts.parallel_threads: 1
2022/04/03-23:33:38.422347 7fad6eba8c80                  Options.compression_opts.enabled: false
2022/04/03-23:33:38.422349 7fad6eba8c80      Options.level0_file_num_compaction_trigger: 4
2022/04/03-23:33:38.422350 7fad6eba8c80          Options.level0_slowdown_writes_trigger: 20
2022/04/03-23:33:38.422352 7fad6eba8c80              Options.level0_stop_writes_trigger: 36
2022/04/03-23:33:38.422354 7fad6eba8c80                   Options.target_file_size_base: 67108864
2022/04/03-23:33:38.422356 7fad6eba8c80             Options.target_file_size_multiplier: 1
2022/04/03-23:33:38.422387 7fad6eba8c80                Options.max_bytes_for_level_base: 268435456
2022/04/03-23:33:38.422391 7fad6eba8c80 Options.level_compaction_dynamic_level_bytes: 0
2022/04/03-23:33:38.422393 7fad6eba8c80          Options.max_bytes_for_level_multiplier: 10.000000
2022/04/03-23:33:38.422397 7fad6eba8c80 Options.max_bytes_for_level_multiplier_addtl[0]: 1
2022/04/03-23:33:38.422400 7fad6eba8c80 Options.max_bytes_for_level_multiplier_addtl[1]: 1
2022/04/03-23:33:38.422401 7fad6eba8c80 Options.max_bytes_for_level_multiplier_addtl[2]: 1
2022/04/03-23:33:38.422403 7fad6eba8c80 Options.max_bytes_for_level_multiplier_addtl[3]: 1
2022/04/03-23:33:38.422422 7fad6eba8c80 Options.max_bytes_for_level_multiplier_addtl[4]: 1
2022/04/03-23:33:38.422424 7fad6eba8c80 Options.max_bytes_for_level_multiplier_addtl[5]: 1
2022/04/03-23:33:38.422426 7fad6eba8c80 Options.max_bytes_for_level_multiplier_addtl[6]: 1
2022/04/03-23:33:38.422428 7fad6eba8c80       Options.max_sequential_skip_in_iterations: 8
2022/04/03-23:33:38.422430 7fad6eba8c80                    Options.max_compaction_bytes: 1677721600
2022/04/03-23:33:38.422432 7fad6eba8c80                        Options.arena_block_size: 8388608
2022/04/03-23:33:38.422434 7fad6eba8c80   Options.soft_pending_compaction_bytes_limit: 68719476736
2022/04/03-23:33:38.422436 7fad6eba8c80   Options.hard_pending_compaction_bytes_limit: 274877906944
2022/04/03-23:33:38.422437 7fad6eba8c80       Options.rate_limit_delay_max_milliseconds: 100
2022/04/03-23:33:38.422439 7fad6eba8c80                Options.disable_auto_compactions: 1
2022/04/03-23:33:38.422442 7fad6eba8c80                        Options.compaction_style: kCompactionStyleLevel
2022/04/03-23:33:38.422444 7fad6eba8c80                          Options.compaction_pri: kMinOverlappingRatio
2022/04/03-23:33:38.422446 7fad6eba8c80 Options.compaction_options_universal.size_ratio: 1
2022/04/03-23:33:38.422448 7fad6eba8c80 Options.compaction_options_universal.min_merge_width: 2
2022/04/03-23:33:38.422450 7fad6eba8c80 Options.compaction_options_universal.max_merge_width: 4294967295
2022/04/03-23:33:38.422452 7fad6eba8c80 Options.compaction_options_universal.max_size_amplification_percent: 200
2022/04/03-23:33:38.422453 7fad6eba8c80 Options.compaction_options_universal.compression_size_percent: -1
2022/04/03-23:33:38.422456 7fad6eba8c80 Options.compaction_options_universal.stop_style: kCompactionStopStyleTotalSize
2022/04/03-23:33:38.422458 7fad6eba8c80 Options.compaction_options_fifo.max_table_files_size: 1073741824
2022/04/03-23:33:38.422460 7fad6eba8c80 Options.compaction_options_fifo.allow_compaction: 0
2022/04/03-23:33:38.422465 7fad6eba8c80                   Options.table_properties_collectors: 
2022/04/03-23:33:38.422467 7fad6eba8c80                   Options.inplace_update_support: 0
2022/04/03-23:33:38.422469 7fad6eba8c80                 Options.inplace_update_num_locks: 10000
2022/04/03-23:33:38.422471 7fad6eba8c80               Options.memtable_prefix_bloom_size_ratio: 0.000000
2022/04/03-23:33:38.422473 7fad6eba8c80               Options.memtable_whole_key_filtering: 0
2022/04/03-23:33:38.422475 7fad6eba8c80   Options.memtable_huge_page_size: 0
2022/04/03-23:33:38.422477 7fad6eba8c80                           Options.bloom_locality: 0
2022/04/03-23:33:38.422479 7fad6eba8c80                    Options.max_successive_merges: 0
2022/04/03-23:33:38.422481 7fad6eba8c80                Options.optimize_filters_for_hits: 0
2022/04/03-23:33:38.422482 7fad6eba8c80                Options.paranoid_file_checks: 0
2022/04/03-23:33:38.422484 7fad6eba8c80                Options.force_consistency_checks: 1
2022/04/03-23:33:38.422486 7fad6eba8c80                Options.report_bg_io_stats: 0
2022/04/03-23:33:38.422488 7fad6eba8c80                               Options.ttl: 2592000
2022/04/03-23:33:38.422490 7fad6eba8c80          Options.periodic_compaction_seconds: 2592000
2022/04/03-23:33:38.422492 7fad6eba8c80                    Options.enable_blob_files: false
2022/04/03-23:33:38.422493 7fad6eba8c80                        Options.min_blob_size: 0
2022/04/03-23:33:38.422495 7fad6eba8c80                       Options.blob_file_size: 268435456
2022/04/03-23:33:38.422497 7fad6eba8c80                Options.blob_compression_type: NoCompression
2022/04/03-23:33:38.422499 7fad6eba8c80       Options.enable_blob_garbage_collection: false
2022/04/03-23:33:38.422501 7fad6eba8c80   Options.blob_garbage_collection_age_cutoff: 0.250000
2022/04/03-23:33:38.427823 7fad6eba8c80 [db/version_set.cc:4798] Recovered from manifest file:/home/patrick/InternetComputer/Hyperspace1/v0/NewWaveV0/0.0.2/.dfx/state/replicated_state/node-100/ic_consensus_pool/certification/MANIFEST-000084 succeeded,manifest_file_number is 84, next_file_number is 97, last_sequence is 114004, log_number is 93,prev_log_number is 0,max_column_family is 2,min_log_number_to_keep is 0
2022/04/03-23:33:38.427870 7fad6eba8c80 [db/version_set.cc:4813] Column family [default] (ID 0), log number is 78
2022/04/03-23:33:38.427874 7fad6eba8c80 [db/version_set.cc:4813] Column family [CE] (ID 1), log number is 90
2022/04/03-23:33:38.427876 7fad6eba8c80 [db/version_set.cc:4813] Column family [CES] (ID 2), log number is 93
2022/04/03-23:33:38.428514 7fad6eba8c80 [db/version_set.cc:4112] Creating manifest 97
2022/04/03-23:33:38.444677 7fad6eba8c80 EVENT_LOG_v1 {"time_micros": 1649043218444668, "job": 1, "event": "recovery_started", "wal_files": [90, 93]}
2022/04/03-23:33:38.444686 7fad6eba8c80 [db/db_impl/db_impl_open.cc:847] Recovering log #90 mode 2
2022/04/03-23:33:38.445341 7fad6eba8c80 [db/db_impl/db_impl_open.cc:847] Recovering log #93 mode 2
2022/04/03-23:33:38.465151 7fad6eba8c80 EVENT_LOG_v1 {"time_micros": 1649043218465107, "cf_name": "CE", "job": 1, "event": "table_file_creation", "file_number": 98, "file_size": 801728, "file_checksum": "", "file_checksum_func_name": "Unknown", "table_properties": {"data_size": 797112, "index_size": 3759, "index_partitions": 0, "top_level_index_size": 0, "index_key_is_user_key": 1, "index_value_is_delta_encoded": 1, "filter_size": 0, "raw_key_size": 187968, "raw_average_key_size": 48, "raw_value_size": 614812, "raw_average_value_size": 157, "num_data_blocks": 196, "num_entries": 3916, "num_deletions": 0, "num_merge_operands": 0, "num_range_deletions": 0, "format_version": 0, "fixed_key_len": 0, "filter_policy": "", "column_family_name": "CE", "column_family_id": 1, "comparator": "leveldb.BytewiseComparator", "merge_operator": "nullptr", "prefix_extractor_name": "nullptr", "property_collectors": "[]", "compression": "NoCompression", "compression_options": "window_bits=-14; level=32767; strategy=0; max_dict_bytes=0; zstd_max_train_bytes=0; enabled=0; ", "creation_time": 1649043218, "oldest_key_time": 0, "file_creation_time": 0, "db_id": "e047eec6-872b-4205-88cd-e40ddd8ced46", "db_session_id": "B3EYZDVQCFHR2LIJOCQ0"}}
