2022/12/02-13:56:15.611248 7fd20359bac0 RocksDB version: 6.17.0
2022/12/02-13:56:15.613010 7fd20359bac0 Git sha 0
2022/12/02-13:56:15.613127 7fd20359bac0 DB SUMMARY
2022/12/02-13:56:15.613132 7fd20359bac0 DB Session ID:  M4761OW6UTUOTFTMLLRR
2022/12/02-13:56:15.613221 7fd20359bac0 CURRENT file:  CURRENT
2022/12/02-13:56:15.613223 7fd20359bac0 IDENTITY file:  IDENTITY
2022/12/02-13:56:15.613227 7fd20359bac0 MANIFEST file:  MANIFEST-001496 size: 6339 Bytes
2022/12/02-13:56:15.613228 7fd20359bac0 SST files in /home/patrick/InternetComputer/Hyperspace1/v0/PersonalNFTGallery/.dfx/state/replicated_state/node-100/ic_consensus_pool/consensus dir, Total Num: 12, files: 001500.sst 001501.sst 001502.sst 001503.sst 001504.sst 001505.sst 001506.sst 001507.sst 001508.sst 
2022/12/02-13:56:15.613229 7fd20359bac0 Write Ahead Log file in /home/patrick/InternetComputer/Hyperspace1/v0/PersonalNFTGallery/.dfx/state/replicated_state/node-100/ic_consensus_pool/consensus: 001497.log size: 30521764 ; 
2022/12/02-13:56:15.613231 7fd20359bac0                         Options.error_if_exists: 0
2022/12/02-13:56:15.613232 7fd20359bac0                       Options.create_if_missing: 1
2022/12/02-13:56:15.613233 7fd20359bac0                         Options.paranoid_checks: 1
2022/12/02-13:56:15.613234 7fd20359bac0                               Options.track_and_verify_wals_in_manifest: 0
2022/12/02-13:56:15.613235 7fd20359bac0                                     Options.env: 0x55e552ee8940
2022/12/02-13:56:15.613237 7fd20359bac0                                      Options.fs: Posix File System
2022/12/02-13:56:15.613237 7fd20359bac0                                Options.info_log: 0x55e596056160
2022/12/02-13:56:15.613238 7fd20359bac0                Options.max_file_opening_threads: 16
2022/12/02-13:56:15.613239 7fd20359bac0                              Options.statistics: (nil)
2022/12/02-13:56:15.613240 7fd20359bac0                               Options.use_fsync: 1
2022/12/02-13:56:15.613241 7fd20359bac0                       Options.max_log_file_size: 0
2022/12/02-13:56:15.613242 7fd20359bac0                  Options.max_manifest_file_size: 1073741824
2022/12/02-13:56:15.613243 7fd20359bac0                   Options.log_file_time_to_roll: 0
2022/12/02-13:56:15.613244 7fd20359bac0                       Options.keep_log_file_num: 1000
2022/12/02-13:56:15.613244 7fd20359bac0                    Options.recycle_log_file_num: 0
2022/12/02-13:56:15.613245 7fd20359bac0                         Options.allow_fallocate: 1
2022/12/02-13:56:15.613246 7fd20359bac0                        Options.allow_mmap_reads: 0
2022/12/02-13:56:15.613247 7fd20359bac0                       Options.allow_mmap_writes: 0
2022/12/02-13:56:15.613247 7fd20359bac0                        Options.use_direct_reads: 0
2022/12/02-13:56:15.613248 7fd20359bac0                        Options.use_direct_io_for_flush_and_compaction: 0
2022/12/02-13:56:15.613249 7fd20359bac0          Options.create_missing_column_families: 1
2022/12/02-13:56:15.613250 7fd20359bac0                              Options.db_log_dir: 
2022/12/02-13:56:15.613251 7fd20359bac0                                 Options.wal_dir: /home/patrick/InternetComputer/Hyperspace1/v0/PersonalNFTGallery/.dfx/state/replicated_state/node-100/ic_consensus_pool/consensus
2022/12/02-13:56:15.613251 7fd20359bac0                Options.table_cache_numshardbits: 6
2022/12/02-13:56:15.613252 7fd20359bac0                         Options.WAL_ttl_seconds: 0
2022/12/02-13:56:15.613253 7fd20359bac0                       Options.WAL_size_limit_MB: 0
2022/12/02-13:56:15.613254 7fd20359bac0                        Options.max_write_batch_group_size_bytes: 1048576
2022/12/02-13:56:15.613255 7fd20359bac0             Options.manifest_preallocation_size: 4194304
2022/12/02-13:56:15.613255 7fd20359bac0                     Options.is_fd_close_on_exec: 1
2022/12/02-13:56:15.613256 7fd20359bac0                   Options.advise_random_on_open: 1
2022/12/02-13:56:15.613257 7fd20359bac0                    Options.db_write_buffer_size: 0
2022/12/02-13:56:15.613257 7fd20359bac0                    Options.write_buffer_manager: 0x55e596083e50
2022/12/02-13:56:15.613269 7fd20359bac0         Options.access_hint_on_compaction_start: 1
2022/12/02-13:56:15.613270 7fd20359bac0  Options.new_table_reader_for_compaction_inputs: 0
2022/12/02-13:56:15.613271 7fd20359bac0           Options.random_access_max_buffer_size: 1048576
2022/12/02-13:56:15.613271 7fd20359bac0                      Options.use_adaptive_mutex: 0
2022/12/02-13:56:15.613272 7fd20359bac0                            Options.rate_limiter: (nil)
2022/12/02-13:56:15.613273 7fd20359bac0     Options.sst_file_manager.rate_bytes_per_sec: 0
2022/12/02-13:56:15.613274 7fd20359bac0                       Options.wal_recovery_mode: 2
2022/12/02-13:56:15.613274 7fd20359bac0                  Options.enable_thread_tracking: 0
2022/12/02-13:56:15.613275 7fd20359bac0                  Options.enable_pipelined_write: 0
2022/12/02-13:56:15.613275 7fd20359bac0                  Options.unordered_write: 0
2022/12/02-13:56:15.613276 7fd20359bac0         Options.allow_concurrent_memtable_write: 1
2022/12/02-13:56:15.613277 7fd20359bac0      Options.enable_write_thread_adaptive_yield: 1
2022/12/02-13:56:15.613277 7fd20359bac0             Options.write_thread_max_yield_usec: 100
2022/12/02-13:56:15.613278 7fd20359bac0            Options.write_thread_slow_yield_usec: 3
2022/12/02-13:56:15.613279 7fd20359bac0                               Options.row_cache: None
2022/12/02-13:56:15.613279 7fd20359bac0                              Options.wal_filter: None
2022/12/02-13:56:15.613280 7fd20359bac0             Options.avoid_flush_during_recovery: 0
2022/12/02-13:56:15.613281 7fd20359bac0             Options.allow_ingest_behind: 0
2022/12/02-13:56:15.613281 7fd20359bac0             Options.preserve_deletes: 0
2022/12/02-13:56:15.613282 7fd20359bac0             Options.two_write_queues: 0
2022/12/02-13:56:15.613283 7fd20359bac0             Options.manual_wal_flush: 0
2022/12/02-13:56:15.613283 7fd20359bac0             Options.atomic_flush: 0
2022/12/02-13:56:15.613284 7fd20359bac0             Options.avoid_unnecessary_blocking_io: 0
2022/12/02-13:56:15.613285 7fd20359bac0                 Options.persist_stats_to_disk: 0
2022/12/02-13:56:15.613285 7fd20359bac0                 Options.write_dbid_to_manifest: 0
2022/12/02-13:56:15.613286 7fd20359bac0                 Options.log_readahead_size: 0
2022/12/02-13:56:15.613287 7fd20359bac0                 Options.file_checksum_gen_factory: Unknown
2022/12/02-13:56:15.613287 7fd20359bac0                 Options.best_efforts_recovery: 0
2022/12/02-13:56:15.613288 7fd20359bac0                Options.max_bgerror_resume_count: 2147483647
2022/12/02-13:56:15.613289 7fd20359bac0            Options.bgerror_resume_retry_interval: 1000000
2022/12/02-13:56:15.613289 7fd20359bac0             Options.allow_data_in_errors: 0
2022/12/02-13:56:15.613290 7fd20359bac0             Options.db_host_id: __hostname__
2022/12/02-13:56:15.613291 7fd20359bac0             Options.max_background_jobs: 2
2022/12/02-13:56:15.613291 7fd20359bac0             Options.max_background_compactions: -1
2022/12/02-13:56:15.613292 7fd20359bac0             Options.max_subcompactions: 1
2022/12/02-13:56:15.613293 7fd20359bac0             Options.avoid_flush_during_shutdown: 0
2022/12/02-13:56:15.613293 7fd20359bac0           Options.writable_file_max_buffer_size: 1048576
2022/12/02-13:56:15.613294 7fd20359bac0             Options.delayed_write_rate : 16777216
2022/12/02-13:56:15.613295 7fd20359bac0             Options.max_total_wal_size: 0
2022/12/02-13:56:15.613295 7fd20359bac0             Options.delete_obsolete_files_period_micros: 21600000000
2022/12/02-13:56:15.613296 7fd20359bac0                   Options.stats_dump_period_sec: 600
2022/12/02-13:56:15.613297 7fd20359bac0                 Options.stats_persist_period_sec: 600
2022/12/02-13:56:15.613297 7fd20359bac0                 Options.stats_history_buffer_size: 1048576
2022/12/02-13:56:15.613298 7fd20359bac0                          Options.max_open_files: -1
2022/12/02-13:56:15.613299 7fd20359bac0                          Options.bytes_per_sync: 0
2022/12/02-13:56:15.613299 7fd20359bac0                      Options.wal_bytes_per_sync: 0
2022/12/02-13:56:15.613304 7fd20359bac0                   Options.strict_bytes_per_sync: 0
2022/12/02-13:56:15.613305 7fd20359bac0       Options.compaction_readahead_size: 0
2022/12/02-13:56:15.613305 7fd20359bac0                  Options.max_background_flushes: -1
2022/12/02-13:56:15.613306 7fd20359bac0 Compression algorithms supported:
2022/12/02-13:56:15.613307 7fd20359bac0 	kZSTDNotFinalCompression supported: 1
2022/12/02-13:56:15.613311 7fd20359bac0 	kZSTD supported: 1
2022/12/02-13:56:15.613311 7fd20359bac0 	kXpressCompression supported: 0
2022/12/02-13:56:15.613312 7fd20359bac0 	kLZ4HCCompression supported: 1
2022/12/02-13:56:15.613313 7fd20359bac0 	kLZ4Compression supported: 1
2022/12/02-13:56:15.613313 7fd20359bac0 	kBZip2Compression supported: 1
2022/12/02-13:56:15.613314 7fd20359bac0 	kZlibCompression supported: 1
2022/12/02-13:56:15.613315 7fd20359bac0 	kSnappyCompression supported: 1
2022/12/02-13:56:15.613320 7fd20359bac0 Fast CRC32 supported: Supported on x86
2022/12/02-13:56:15.614146 7fd20359bac0 [db/version_set.cc:4758] Recovering from manifest file: /home/patrick/InternetComputer/Hyperspace1/v0/PersonalNFTGallery/.dfx/state/replicated_state/node-100/ic_consensus_pool/consensus/MANIFEST-001496
2022/12/02-13:56:15.615901 7fd20359bac0 [db/column_family.cc:595] --------------- Options for column family [default]:
2022/12/02-13:56:15.615911 7fd20359bac0               Options.comparator: leveldb.BytewiseComparator
2022/12/02-13:56:15.615913 7fd20359bac0           Options.merge_operator: None
2022/12/02-13:56:15.615914 7fd20359bac0        Options.compaction_filter: None
2022/12/02-13:56:15.615914 7fd20359bac0        Options.compaction_filter_factory: None
2022/12/02-13:56:15.615915 7fd20359bac0  Options.sst_partitioner_factory: None
2022/12/02-13:56:15.615916 7fd20359bac0         Options.memtable_factory: SkipListFactory
2022/12/02-13:56:15.615918 7fd20359bac0            Options.table_factory: BlockBasedTable
2022/12/02-13:56:15.616103 7fd20359bac0            table_factory options:   flush_block_policy_factory: FlushBlockBySizePolicyFactory (0x55e596081890)
  cache_index_and_filter_blocks: 0
  cache_index_and_filter_blocks_with_high_priority: 1
  pin_l0_filter_and_index_blocks_in_cache: 0
  pin_top_level_index_and_filter: 1
  index_type: 0
  data_block_index_type: 0
  index_shortening: 1
  data_block_hash_table_util_ratio: 0.750000
  hash_index_allow_collision: 1
  checksum: 1
  no_block_cache: 0
  block_cache: 0x55e5960818e0
  block_cache_name: LRUCache
  block_cache_options:
    capacity : 8388608
    num_shard_bits : 4
    strict_capacity_limit : 0
    memory_allocator : None
    high_pri_pool_ratio: 0.000
  block_cache_compressed: (nil)
  persistent_cache: (nil)
  block_size: 4096
  block_size_deviation: 10
  block_restart_interval: 16
  index_block_restart_interval: 1
  metadata_block_size: 4096
  partition_filters: 0
  use_delta_encoding: 1
  filter_policy: nullptr
  whole_key_filtering: 1
  verify_compression: 0
  read_amp_bytes_per_bit: 0
  format_version: 4
  enable_index_compression: 1
  block_align: 0
2022/12/02-13:56:15.616105 7fd20359bac0        Options.write_buffer_size: 67108864
2022/12/02-13:56:15.616106 7fd20359bac0  Options.max_write_buffer_number: 2
2022/12/02-13:56:15.616106 7fd20359bac0          Options.compression: Snappy
2022/12/02-13:56:15.616107 7fd20359bac0                  Options.bottommost_compression: Disabled
2022/12/02-13:56:15.616108 7fd20359bac0       Options.prefix_extractor: nullptr
2022/12/02-13:56:15.616108 7fd20359bac0   Options.memtable_insert_with_hint_prefix_extractor: nullptr
2022/12/02-13:56:15.616109 7fd20359bac0             Options.num_levels: 7
2022/12/02-13:56:15.616110 7fd20359bac0        Options.min_write_buffer_number_to_merge: 1
2022/12/02-13:56:15.616110 7fd20359bac0     Options.max_write_buffer_number_to_maintain: 0
2022/12/02-13:56:15.616111 7fd20359bac0     Options.max_write_buffer_size_to_maintain: 0
2022/12/02-13:56:15.616112 7fd20359bac0            Options.bottommost_compression_opts.window_bits: -14
2022/12/02-13:56:15.616137 7fd20359bac0                  Options.bottommost_compression_opts.level: 32767
2022/12/02-13:56:15.616138 7fd20359bac0               Options.bottommost_compression_opts.strategy: 0
2022/12/02-13:56:15.616139 7fd20359bac0         Options.bottommost_compression_opts.max_dict_bytes: 0
2022/12/02-13:56:15.616139 7fd20359bac0         Options.bottommost_compression_opts.zstd_max_train_bytes: 0
2022/12/02-13:56:15.616140 7fd20359bac0         Options.bottommost_compression_opts.parallel_threads: 1
2022/12/02-13:56:15.616141 7fd20359bac0                  Options.bottommost_compression_opts.enabled: false
2022/12/02-13:56:15.616141 7fd20359bac0            Options.compression_opts.window_bits: -14
2022/12/02-13:56:15.616142 7fd20359bac0                  Options.compression_opts.level: 32767
2022/12/02-13:56:15.616143 7fd20359bac0               Options.compression_opts.strategy: 0
2022/12/02-13:56:15.616143 7fd20359bac0         Options.compression_opts.max_dict_bytes: 0
2022/12/02-13:56:15.616144 7fd20359bac0         Options.compression_opts.zstd_max_train_bytes: 0
2022/12/02-13:56:15.616145 7fd20359bac0         Options.compression_opts.parallel_threads: 1
2022/12/02-13:56:15.616145 7fd20359bac0                  Options.compression_opts.enabled: false
2022/12/02-13:56:15.616146 7fd20359bac0      Options.level0_file_num_compaction_trigger: 4
2022/12/02-13:56:15.616147 7fd20359bac0          Options.level0_slowdown_writes_trigger: 20
2022/12/02-13:56:15.616147 7fd20359bac0              Options.level0_stop_writes_trigger: 36
2022/12/02-13:56:15.616148 7fd20359bac0                   Options.target_file_size_base: 67108864
2022/12/02-13:56:15.616149 7fd20359bac0             Options.target_file_size_multiplier: 1
2022/12/02-13:56:15.616149 7fd20359bac0                Options.max_bytes_for_level_base: 268435456
2022/12/02-13:56:15.616150 7fd20359bac0 Options.level_compaction_dynamic_level_bytes: 0
2022/12/02-13:56:15.616151 7fd20359bac0          Options.max_bytes_for_level_multiplier: 10.000000
2022/12/02-13:56:15.616175 7fd20359bac0 Options.max_bytes_for_level_multiplier_addtl[0]: 1
2022/12/02-13:56:15.616177 7fd20359bac0 Options.max_bytes_for_level_multiplier_addtl[1]: 1
2022/12/02-13:56:15.616178 7fd20359bac0 Options.max_bytes_for_level_multiplier_addtl[2]: 1
2022/12/02-13:56:15.616178 7fd20359bac0 Options.max_bytes_for_level_multiplier_addtl[3]: 1
2022/12/02-13:56:15.616179 7fd20359bac0 Options.max_bytes_for_level_multiplier_addtl[4]: 1
2022/12/02-13:56:15.616179 7fd20359bac0 Options.max_bytes_for_level_multiplier_addtl[5]: 1
2022/12/02-13:56:15.616180 7fd20359bac0 Options.max_bytes_for_level_multiplier_addtl[6]: 1
2022/12/02-13:56:15.616181 7fd20359bac0       Options.max_sequential_skip_in_iterations: 8
2022/12/02-13:56:15.616181 7fd20359bac0                    Options.max_compaction_bytes: 1677721600
2022/12/02-13:56:15.616182 7fd20359bac0                        Options.arena_block_size: 8388608
2022/12/02-13:56:15.616183 7fd20359bac0   Options.soft_pending_compaction_bytes_limit: 68719476736
2022/12/02-13:56:15.616183 7fd20359bac0   Options.hard_pending_compaction_bytes_limit: 274877906944
2022/12/02-13:56:15.616184 7fd20359bac0       Options.rate_limit_delay_max_milliseconds: 100
2022/12/02-13:56:15.616185 7fd20359bac0                Options.disable_auto_compactions: 0
2022/12/02-13:56:15.616186 7fd20359bac0                        Options.compaction_style: kCompactionStyleLevel
2022/12/02-13:56:15.616188 7fd20359bac0                          Options.compaction_pri: kMinOverlappingRatio
2022/12/02-13:56:15.616188 7fd20359bac0 Options.compaction_options_universal.size_ratio: 1
2022/12/02-13:56:15.616189 7fd20359bac0 Options.compaction_options_universal.min_merge_width: 2
2022/12/02-13:56:15.616190 7fd20359bac0 Options.compaction_options_universal.max_merge_width: 4294967295
2022/12/02-13:56:15.616190 7fd20359bac0 Options.compaction_options_universal.max_size_amplification_percent: 200
2022/12/02-13:56:15.616191 7fd20359bac0 Options.compaction_options_universal.compression_size_percent: -1
2022/12/02-13:56:15.616202 7fd20359bac0 Options.compaction_options_universal.stop_style: kCompactionStopStyleTotalSize
2022/12/02-13:56:15.616203 7fd20359bac0 Options.compaction_options_fifo.max_table_files_size: 1073741824
2022/12/02-13:56:15.616203 7fd20359bac0 Options.compaction_options_fifo.allow_compaction: 0
2022/12/02-13:56:15.616210 7fd20359bac0                   Options.table_properties_collectors: 
2022/12/02-13:56:15.616211 7fd20359bac0                   Options.inplace_update_support: 0
2022/12/02-13:56:15.616211 7fd20359bac0                 Options.inplace_update_num_locks: 10000
2022/12/02-13:56:15.616212 7fd20359bac0               Options.memtable_prefix_bloom_size_ratio: 0.000000
2022/12/02-13:56:15.616213 7fd20359bac0               Options.memtable_whole_key_filtering: 0
2022/12/02-13:56:15.616214 7fd20359bac0   Options.memtable_huge_page_size: 0
2022/12/02-13:56:15.616214 7fd20359bac0                           Options.bloom_locality: 0
2022/12/02-13:56:15.616215 7fd20359bac0                    Options.max_successive_merges: 0
2022/12/02-13:56:15.616215 7fd20359bac0                Options.optimize_filters_for_hits: 0
2022/12/02-13:56:15.616216 7fd20359bac0                Options.paranoid_file_checks: 0
2022/12/02-13:56:15.616217 7fd20359bac0                Options.force_consistency_checks: 1
2022/12/02-13:56:15.616217 7fd20359bac0                Options.report_bg_io_stats: 0
2022/12/02-13:56:15.616218 7fd20359bac0                               Options.ttl: 2592000
2022/12/02-13:56:15.616219 7fd20359bac0          Options.periodic_compaction_seconds: 0
2022/12/02-13:56:15.616219 7fd20359bac0                    Options.enable_blob_files: false
2022/12/02-13:56:15.616220 7fd20359bac0                        Options.min_blob_size: 0
2022/12/02-13:56:15.616221 7fd20359bac0                       Options.blob_file_size: 268435456
2022/12/02-13:56:15.616221 7fd20359bac0                Options.blob_compression_type: NoCompression
2022/12/02-13:56:15.616222 7fd20359bac0       Options.enable_blob_garbage_collection: false
2022/12/02-13:56:15.616223 7fd20359bac0   Options.blob_garbage_collection_age_cutoff: 0.250000
2022/12/02-13:56:15.616687 7fd20359bac0 [db/column_family.cc:595] --------------- Options for column family [RB]:
2022/12/02-13:56:15.616691 7fd20359bac0               Options.comparator: leveldb.BytewiseComparator
2022/12/02-13:56:15.616693 7fd20359bac0           Options.merge_operator: None
2022/12/02-13:56:15.616695 7fd20359bac0        Options.compaction_filter: filter_outdated
2022/12/02-13:56:15.616696 7fd20359bac0        Options.compaction_filter_factory: None
2022/12/02-13:56:15.616697 7fd20359bac0  Options.sst_partitioner_factory: None
2022/12/02-13:56:15.616697 7fd20359bac0         Options.memtable_factory: SkipListFactory
2022/12/02-13:56:15.616698 7fd20359bac0            Options.table_factory: BlockBasedTable
2022/12/02-13:56:15.616718 7fd20359bac0            table_factory options:   flush_block_policy_factory: FlushBlockBySizePolicyFactory (0x55e596067a90)
  cache_index_and_filter_blocks: 0
  cache_index_and_filter_blocks_with_high_priority: 1
  pin_l0_filter_and_index_blocks_in_cache: 0
  pin_top_level_index_and_filter: 1
  index_type: 0
  data_block_index_type: 0
  index_shortening: 1
  data_block_hash_table_util_ratio: 0.750000
  hash_index_allow_collision: 1
  checksum: 1
  no_block_cache: 0
  block_cache: 0x55e596067ae0
  block_cache_name: LRUCache
  block_cache_options:
    capacity : 8388608
    num_shard_bits : 4
    strict_capacity_limit : 0
    memory_allocator : None
    high_pri_pool_ratio: 0.000
  block_cache_compressed: (nil)
  persistent_cache: (nil)
  block_size: 4096
  block_size_deviation: 10
  block_restart_interval: 16
  index_block_restart_interval: 1
  metadata_block_size: 4096
  partition_filters: 0
  use_delta_encoding: 1
  filter_policy: nullptr
  whole_key_filtering: 1
  verify_compression: 0
  read_amp_bytes_per_bit: 0
  format_version: 4
  enable_index_compression: 1
  block_align: 0
2022/12/02-13:56:15.616719 7fd20359bac0        Options.write_buffer_size: 67108864
2022/12/02-13:56:15.616733 7fd20359bac0  Options.max_write_buffer_number: 2
2022/12/02-13:56:15.616734 7fd20359bac0          Options.compression: NoCompression
2022/12/02-13:56:15.616735 7fd20359bac0                  Options.bottommost_compression: Disabled
2022/12/02-13:56:15.616735 7fd20359bac0       Options.prefix_extractor: nullptr
2022/12/02-13:56:15.616736 7fd20359bac0   Options.memtable_insert_with_hint_prefix_extractor: nullptr
2022/12/02-13:56:15.616736 7fd20359bac0             Options.num_levels: 7
2022/12/02-13:56:15.616737 7fd20359bac0        Options.min_write_buffer_number_to_merge: 1
2022/12/02-13:56:15.616738 7fd20359bac0     Options.max_write_buffer_number_to_maintain: 0
2022/12/02-13:56:15.616738 7fd20359bac0     Options.max_write_buffer_size_to_maintain: 0
2022/12/02-13:56:15.616739 7fd20359bac0            Options.bottommost_compression_opts.window_bits: -14
2022/12/02-13:56:15.616740 7fd20359bac0                  Options.bottommost_compression_opts.level: 32767
2022/12/02-13:56:15.616740 7fd20359bac0               Options.bottommost_compression_opts.strategy: 0
2022/12/02-13:56:15.616741 7fd20359bac0         Options.bottommost_compression_opts.max_dict_bytes: 0
2022/12/02-13:56:15.616742 7fd20359bac0         Options.bottommost_compression_opts.zstd_max_train_bytes: 0
2022/12/02-13:56:15.616742 7fd20359bac0         Options.bottommost_compression_opts.parallel_threads: 1
2022/12/02-13:56:15.616743 7fd20359bac0                  Options.bottommost_compression_opts.enabled: false
2022/12/02-13:56:15.616744 7fd20359bac0            Options.compression_opts.window_bits: -14
2022/12/02-13:56:15.616744 7fd20359bac0                  Options.compression_opts.level: 32767
2022/12/02-13:56:15.616745 7fd20359bac0               Options.compression_opts.strategy: 0
2022/12/02-13:56:15.616745 7fd20359bac0         Options.compression_opts.max_dict_bytes: 0
2022/12/02-13:56:15.616746 7fd20359bac0         Options.compression_opts.zstd_max_train_bytes: 0
2022/12/02-13:56:15.616747 7fd20359bac0         Options.compression_opts.parallel_threads: 1
2022/12/02-13:56:15.616747 7fd20359bac0                  Options.compression_opts.enabled: false
2022/12/02-13:56:15.616748 7fd20359bac0      Options.level0_file_num_compaction_trigger: 4
2022/12/02-13:56:15.616748 7fd20359bac0          Options.level0_slowdown_writes_trigger: 20
2022/12/02-13:56:15.616749 7fd20359bac0              Options.level0_stop_writes_trigger: 36
2022/12/02-13:56:15.616750 7fd20359bac0                   Options.target_file_size_base: 67108864
2022/12/02-13:56:15.616750 7fd20359bac0             Options.target_file_size_multiplier: 1
2022/12/02-13:56:15.616751 7fd20359bac0                Options.max_bytes_for_level_base: 268435456
2022/12/02-13:56:15.616752 7fd20359bac0 Options.level_compaction_dynamic_level_bytes: 0
2022/12/02-13:56:15.616752 7fd20359bac0          Options.max_bytes_for_level_multiplier: 10.000000
2022/12/02-13:56:15.616754 7fd20359bac0 Options.max_bytes_for_level_multiplier_addtl[0]: 1
2022/12/02-13:56:15.616754 7fd20359bac0 Options.max_bytes_for_level_multiplier_addtl[1]: 1
2022/12/02-13:56:15.616755 7fd20359bac0 Options.max_bytes_for_level_multiplier_addtl[2]: 1
2022/12/02-13:56:15.616756 7fd20359bac0 Options.max_bytes_for_level_multiplier_addtl[3]: 1
2022/12/02-13:56:15.616756 7fd20359bac0 Options.max_bytes_for_level_multiplier_addtl[4]: 1
2022/12/02-13:56:15.616757 7fd20359bac0 Options.max_bytes_for_level_multiplier_addtl[5]: 1
2022/12/02-13:56:15.616758 7fd20359bac0 Options.max_bytes_for_level_multiplier_addtl[6]: 1
2022/12/02-13:56:15.616758 7fd20359bac0       Options.max_sequential_skip_in_iterations: 8
2022/12/02-13:56:15.616759 7fd20359bac0                    Options.max_compaction_bytes: 1677721600
2022/12/02-13:56:15.616759 7fd20359bac0                        Options.arena_block_size: 8388608
2022/12/02-13:56:15.616760 7fd20359bac0   Options.soft_pending_compaction_bytes_limit: 68719476736
2022/12/02-13:56:15.616761 7fd20359bac0   Options.hard_pending_compaction_bytes_limit: 274877906944
2022/12/02-13:56:15.616762 7fd20359bac0       Options.rate_limit_delay_max_milliseconds: 100
2022/12/02-13:56:15.616766 7fd20359bac0                Options.disable_auto_compactions: 1
2022/12/02-13:56:15.616767 7fd20359bac0                        Options.compaction_style: kCompactionStyleLevel
2022/12/02-13:56:15.616768 7fd20359bac0                          Options.compaction_pri: kMinOverlappingRatio
2022/12/02-13:56:15.616769 7fd20359bac0 Options.compaction_options_universal.size_ratio: 1
2022/12/02-13:56:15.616769 7fd20359bac0 Options.compaction_options_universal.min_merge_width: 2
2022/12/02-13:56:15.616770 7fd20359bac0 Options.compaction_options_universal.max_merge_width: 4294967295
2022/12/02-13:56:15.616771 7fd20359bac0 Options.compaction_options_universal.max_size_amplification_percent: 200
2022/12/02-13:56:15.616771 7fd20359bac0 Options.compaction_options_universal.compression_size_percent: -1
2022/12/02-13:56:15.616772 7fd20359bac0 Options.compaction_options_universal.stop_style: kCompactionStopStyleTotalSize
2022/12/02-13:56:15.616773 7fd20359bac0 Options.compaction_options_fifo.max_table_files_size: 1073741824
2022/12/02-13:56:15.616773 7fd20359bac0 Options.compaction_options_fifo.allow_compaction: 0
2022/12/02-13:56:15.616778 7fd20359bac0                   Options.table_properties_collectors: 
2022/12/02-13:56:15.616779 7fd20359bac0                   Options.inplace_update_support: 0
2022/12/02-13:56:15.616780 7fd20359bac0                 Options.inplace_update_num_locks: 10000
2022/12/02-13:56:15.616780 7fd20359bac0               Options.memtable_prefix_bloom_size_ratio: 0.000000
2022/12/02-13:56:15.616781 7fd20359bac0               Options.memtable_whole_key_filtering: 0
2022/12/02-13:56:15.616782 7fd20359bac0   Options.memtable_huge_page_size: 0
2022/12/02-13:56:15.616783 7fd20359bac0                           Options.bloom_locality: 0
2022/12/02-13:56:15.616783 7fd20359bac0                    Options.max_successive_merges: 0
2022/12/02-13:56:15.616784 7fd20359bac0                Options.optimize_filters_for_hits: 0
2022/12/02-13:56:15.616784 7fd20359bac0                Options.paranoid_file_checks: 0
2022/12/02-13:56:15.616785 7fd20359bac0                Options.force_consistency_checks: 1
2022/12/02-13:56:15.616786 7fd20359bac0                Options.report_bg_io_stats: 0
2022/12/02-13:56:15.616786 7fd20359bac0                               Options.ttl: 2592000
2022/12/02-13:56:15.616787 7fd20359bac0          Options.periodic_compaction_seconds: 2592000
2022/12/02-13:56:15.616787 7fd20359bac0                    Options.enable_blob_files: false
2022/12/02-13:56:15.616788 7fd20359bac0                        Options.min_blob_size: 0
2022/12/02-13:56:15.616789 7fd20359bac0                       Options.blob_file_size: 268435456
2022/12/02-13:56:15.616789 7fd20359bac0                Options.blob_compression_type: NoCompression
2022/12/02-13:56:15.616790 7fd20359bac0       Options.enable_blob_garbage_collection: false
2022/12/02-13:56:15.616791 7fd20359bac0   Options.blob_garbage_collection_age_cutoff: 0.250000
2022/12/02-13:56:15.616817 7fd20359bac0 [db/column_family.cc:595] --------------- Options for column family [FZ]:
2022/12/02-13:56:15.616818 7fd20359bac0               Options.comparator: leveldb.BytewiseComparator
2022/12/02-13:56:15.616819 7fd20359bac0           Options.merge_operator: None
2022/12/02-13:56:15.616820 7fd20359bac0        Options.compaction_filter: filter_outdated
2022/12/02-13:56:15.616820 7fd20359bac0        Options.compaction_filter_factory: None
2022/12/02-13:56:15.616821 7fd20359bac0  Options.sst_partitioner_factory: None
2022/12/02-13:56:15.616822 7fd20359bac0         Options.memtable_factory: SkipListFactory
2022/12/02-13:56:15.616822 7fd20359bac0            Options.table_factory: BlockBasedTable
2022/12/02-13:56:15.616836 7fd20359bac0            table_factory options:   flush_block_policy_factory: FlushBlockBySizePolicyFactory (0x55e596069d20)
  cache_index_and_filter_blocks: 0
  cache_index_and_filter_blocks_with_high_priority: 1
  pin_l0_filter_and_index_blocks_in_cache: 0
  pin_top_level_index_and_filter: 1
  index_type: 0
  data_block_index_type: 0
  index_shortening: 1
  data_block_hash_table_util_ratio: 0.750000
  hash_index_allow_collision: 1
  checksum: 1
  no_block_cache: 0
  block_cache: 0x55e596069d70
  block_cache_name: LRUCache
  block_cache_options:
    capacity : 8388608
    num_shard_bits : 4
    strict_capacity_limit : 0
    memory_allocator : None
    high_pri_pool_ratio: 0.000
  block_cache_compressed: (nil)
  persistent_cache: (nil)
  block_size: 4096
  block_size_deviation: 10
  block_restart_interval: 16
  index_block_restart_interval: 1
  metadata_block_size: 4096
  partition_filters: 0
  use_delta_encoding: 1
  filter_policy: nullptr
  whole_key_filtering: 1
  verify_compression: 0
  read_amp_bytes_per_bit: 0
  format_version: 4
  enable_index_compression: 1
  block_align: 0
2022/12/02-13:56:15.616846 7fd20359bac0        Options.write_buffer_size: 67108864
2022/12/02-13:56:15.616847 7fd20359bac0  Options.max_write_buffer_number: 2
2022/12/02-13:56:15.616847 7fd20359bac0          Options.compression: NoCompression
2022/12/02-13:56:15.616848 7fd20359bac0                  Options.bottommost_compression: Disabled
2022/12/02-13:56:15.616848 7fd20359bac0       Options.prefix_extractor: nullptr
2022/12/02-13:56:15.616849 7fd20359bac0   Options.memtable_insert_with_hint_prefix_extractor: nullptr
2022/12/02-13:56:15.616850 7fd20359bac0             Options.num_levels: 7
2022/12/02-13:56:15.616851 7fd20359bac0        Options.min_write_buffer_number_to_merge: 1
2022/12/02-13:56:15.616851 7fd20359bac0     Options.max_write_buffer_number_to_maintain: 0
2022/12/02-13:56:15.616852 7fd20359bac0     Options.max_write_buffer_size_to_maintain: 0
2022/12/02-13:56:15.616852 7fd20359bac0            Options.bottommost_compression_opts.window_bits: -14
2022/12/02-13:56:15.616853 7fd20359bac0                  Options.bottommost_compression_opts.level: 32767
2022/12/02-13:56:15.616854 7fd20359bac0               Options.bottommost_compression_opts.strategy: 0
2022/12/02-13:56:15.616854 7fd20359bac0         Options.bottommost_compression_opts.max_dict_bytes: 0
2022/12/02-13:56:15.616855 7fd20359bac0         Options.bottommost_compression_opts.zstd_max_train_bytes: 0
2022/12/02-13:56:15.616855 7fd20359bac0         Options.bottommost_compression_opts.parallel_threads: 1
2022/12/02-13:56:15.616856 7fd20359bac0                  Options.bottommost_compression_opts.enabled: false
2022/12/02-13:56:15.616857 7fd20359bac0            Options.compression_opts.window_bits: -14
2022/12/02-13:56:15.616857 7fd20359bac0                  Options.compression_opts.level: 32767
2022/12/02-13:56:15.616858 7fd20359bac0               Options.compression_opts.strategy: 0
2022/12/02-13:56:15.616858 7fd20359bac0         Options.compression_opts.max_dict_bytes: 0
2022/12/02-13:56:15.616859 7fd20359bac0         Options.compression_opts.zstd_max_train_bytes: 0
2022/12/02-13:56:15.616860 7fd20359bac0         Options.compression_opts.parallel_threads: 1
2022/12/02-13:56:15.616860 7fd20359bac0                  Options.compression_opts.enabled: false
2022/12/02-13:56:15.616861 7fd20359bac0      Options.level0_file_num_compaction_trigger: 4
2022/12/02-13:56:15.616862 7fd20359bac0          Options.level0_slowdown_writes_trigger: 20
2022/12/02-13:56:15.616862 7fd20359bac0              Options.level0_stop_writes_trigger: 36
2022/12/02-13:56:15.616863 7fd20359bac0                   Options.target_file_size_base: 67108864
2022/12/02-13:56:15.616863 7fd20359bac0             Options.target_file_size_multiplier: 1
2022/12/02-13:56:15.616864 7fd20359bac0                Options.max_bytes_for_level_base: 268435456
2022/12/02-13:56:15.616865 7fd20359bac0 Options.level_compaction_dynamic_level_bytes: 0
2022/12/02-13:56:15.616865 7fd20359bac0          Options.max_bytes_for_level_multiplier: 10.000000
2022/12/02-13:56:15.616866 7fd20359bac0 Options.max_bytes_for_level_multiplier_addtl[0]: 1
2022/12/02-13:56:15.616867 7fd20359bac0 Options.max_bytes_for_level_multiplier_addtl[1]: 1
2022/12/02-13:56:15.616868 7fd20359bac0 Options.max_bytes_for_level_multiplier_addtl[2]: 1
2022/12/02-13:56:15.616868 7fd20359bac0 Options.max_bytes_for_level_multiplier_addtl[3]: 1
2022/12/02-13:56:15.616873 7fd20359bac0 Options.max_bytes_for_level_multiplier_addtl[4]: 1
2022/12/02-13:56:15.616874 7fd20359bac0 Options.max_bytes_for_level_multiplier_addtl[5]: 1
2022/12/02-13:56:15.616874 7fd20359bac0 Options.max_bytes_for_level_multiplier_addtl[6]: 1
2022/12/02-13:56:15.616875 7fd20359bac0       Options.max_sequential_skip_in_iterations: 8
2022/12/02-13:56:15.616876 7fd20359bac0                    Options.max_compaction_bytes: 1677721600
2022/12/02-13:56:15.616876 7fd20359bac0                        Options.arena_block_size: 8388608
2022/12/02-13:56:15.616877 7fd20359bac0   Options.soft_pending_compaction_bytes_limit: 68719476736
2022/12/02-13:56:15.616877 7fd20359bac0   Options.hard_pending_compaction_bytes_limit: 274877906944
2022/12/02-13:56:15.616878 7fd20359bac0       Options.rate_limit_delay_max_milliseconds: 100
2022/12/02-13:56:15.616879 7fd20359bac0                Options.disable_auto_compactions: 1
2022/12/02-13:56:15.616880 7fd20359bac0                        Options.compaction_style: kCompactionStyleLevel
2022/12/02-13:56:15.616881 7fd20359bac0                          Options.compaction_pri: kMinOverlappingRatio
2022/12/02-13:56:15.616881 7fd20359bac0 Options.compaction_options_universal.size_ratio: 1
2022/12/02-13:56:15.616882 7fd20359bac0 Options.compaction_options_universal.min_merge_width: 2
2022/12/02-13:56:15.616882 7fd20359bac0 Options.compaction_options_universal.max_merge_width: 4294967295
2022/12/02-13:56:15.616883 7fd20359bac0 Options.compaction_options_universal.max_size_amplification_percent: 200
2022/12/02-13:56:15.616884 7fd20359bac0 Options.compaction_options_universal.compression_size_percent: -1
2022/12/02-13:56:15.616885 7fd20359bac0 Options.compaction_options_universal.stop_style: kCompactionStopStyleTotalSize
2022/12/02-13:56:15.616885 7fd20359bac0 Options.compaction_options_fifo.max_table_files_size: 1073741824
2022/12/02-13:56:15.616886 7fd20359bac0 Options.compaction_options_fifo.allow_compaction: 0
2022/12/02-13:56:15.616887 7fd20359bac0                   Options.table_properties_collectors: 
2022/12/02-13:56:15.616888 7fd20359bac0                   Options.inplace_update_support: 0
2022/12/02-13:56:15.616888 7fd20359bac0                 Options.inplace_update_num_locks: 10000
2022/12/02-13:56:15.616889 7fd20359bac0               Options.memtable_prefix_bloom_size_ratio: 0.000000
2022/12/02-13:56:15.616890 7fd20359bac0               Options.memtable_whole_key_filtering: 0
2022/12/02-13:56:15.616890 7fd20359bac0   Options.memtable_huge_page_size: 0
2022/12/02-13:56:15.616891 7fd20359bac0                           Options.bloom_locality: 0
2022/12/02-13:56:15.616892 7fd20359bac0                    Options.max_successive_merges: 0
2022/12/02-13:56:15.616892 7fd20359bac0                Options.optimize_filters_for_hits: 0
2022/12/02-13:56:15.616893 7fd20359bac0                Options.paranoid_file_checks: 0
2022/12/02-13:56:15.616894 7fd20359bac0                Options.force_consistency_checks: 1
2022/12/02-13:56:15.616894 7fd20359bac0                Options.report_bg_io_stats: 0
2022/12/02-13:56:15.616895 7fd20359bac0                               Options.ttl: 2592000
2022/12/02-13:56:15.616895 7fd20359bac0          Options.periodic_compaction_seconds: 2592000
2022/12/02-13:56:15.616896 7fd20359bac0                    Options.enable_blob_files: false
2022/12/02-13:56:15.616897 7fd20359bac0                        Options.min_blob_size: 0
2022/12/02-13:56:15.616897 7fd20359bac0                       Options.blob_file_size: 268435456
2022/12/02-13:56:15.616898 7fd20359bac0                Options.blob_compression_type: NoCompression
2022/12/02-13:56:15.616898 7fd20359bac0       Options.enable_blob_garbage_collection: false
2022/12/02-13:56:15.616899 7fd20359bac0   Options.blob_garbage_collection_age_cutoff: 0.250000
2022/12/02-13:56:15.616916 7fd20359bac0 [db/column_family.cc:595] --------------- Options for column family [NZ]:
2022/12/02-13:56:15.616917 7fd20359bac0               Options.comparator: leveldb.BytewiseComparator
2022/12/02-13:56:15.616922 7fd20359bac0           Options.merge_operator: None
2022/12/02-13:56:15.616923 7fd20359bac0        Options.compaction_filter: filter_outdated
2022/12/02-13:56:15.616923 7fd20359bac0        Options.compaction_filter_factory: None
2022/12/02-13:56:15.616924 7fd20359bac0  Options.sst_partitioner_factory: None
2022/12/02-13:56:15.616925 7fd20359bac0         Options.memtable_factory: SkipListFactory
2022/12/02-13:56:15.616925 7fd20359bac0            Options.table_factory: BlockBasedTable
2022/12/02-13:56:15.616935 7fd20359bac0            table_factory options:   flush_block_policy_factory: FlushBlockBySizePolicyFactory (0x55e59606bfd0)
  cache_index_and_filter_blocks: 0
  cache_index_and_filter_blocks_with_high_priority: 1
  pin_l0_filter_and_index_blocks_in_cache: 0
  pin_top_level_index_and_filter: 1
  index_type: 0
  data_block_index_type: 0
  index_shortening: 1
  data_block_hash_table_util_ratio: 0.750000
  hash_index_allow_collision: 1
  checksum: 1
  no_block_cache: 0
  block_cache: 0x55e59606c020
  block_cache_name: LRUCache
  block_cache_options:
    capacity : 8388608
    num_shard_bits : 4
    strict_capacity_limit : 0
    memory_allocator : None
    high_pri_pool_ratio: 0.000
  block_cache_compressed: (nil)
  persistent_cache: (nil)
  block_size: 4096
  block_size_deviation: 10
  block_restart_interval: 16
  index_block_restart_interval: 1
  metadata_block_size: 4096
  partition_filters: 0
  use_delta_encoding: 1
  filter_policy: nullptr
  whole_key_filtering: 1
  verify_compression: 0
  read_amp_bytes_per_bit: 0
  format_version: 4
  enable_index_compression: 1
  block_align: 0
2022/12/02-13:56:15.616936 7fd20359bac0        Options.write_buffer_size: 67108864
2022/12/02-13:56:15.616937 7fd20359bac0  Options.max_write_buffer_number: 2
2022/12/02-13:56:15.616938 7fd20359bac0          Options.compression: NoCompression
2022/12/02-13:56:15.616938 7fd20359bac0                  Options.bottommost_compression: Disabled
2022/12/02-13:56:15.616939 7fd20359bac0       Options.prefix_extractor: nullptr
2022/12/02-13:56:15.616939 7fd20359bac0   Options.memtable_insert_with_hint_prefix_extractor: nullptr
2022/12/02-13:56:15.616940 7fd20359bac0             Options.num_levels: 7
2022/12/02-13:56:15.616941 7fd20359bac0        Options.min_write_buffer_number_to_merge: 1
2022/12/02-13:56:15.616941 7fd20359bac0     Options.max_write_buffer_number_to_maintain: 0
2022/12/02-13:56:15.616942 7fd20359bac0     Options.max_write_buffer_size_to_maintain: 0
2022/12/02-13:56:15.616942 7fd20359bac0            Options.bottommost_compression_opts.window_bits: -14
2022/12/02-13:56:15.616943 7fd20359bac0                  Options.bottommost_compression_opts.level: 32767
2022/12/02-13:56:15.616944 7fd20359bac0               Options.bottommost_compression_opts.strategy: 0
2022/12/02-13:56:15.616944 7fd20359bac0         Options.bottommost_compression_opts.max_dict_bytes: 0
2022/12/02-13:56:15.616945 7fd20359bac0         Options.bottommost_compression_opts.zstd_max_train_bytes: 0
