2022/09/18-00:45:26.975454 7fa91f4a6ac0 RocksDB version: 6.17.0
2022/09/18-00:45:26.976610 7fa91f4a6ac0 Git sha 0
2022/09/18-00:45:26.976736 7fa91f4a6ac0 DB SUMMARY
2022/09/18-00:45:26.976739 7fa91f4a6ac0 DB Session ID:  8R3IS34SODNOJ0ORW5YC
2022/09/18-00:45:26.977076 7fa91f4a6ac0 CURRENT file:  CURRENT
2022/09/18-00:45:26.977078 7fa91f4a6ac0 IDENTITY file:  IDENTITY
2022/09/18-00:45:26.977098 7fa91f4a6ac0 MANIFEST file:  MANIFEST-000562 size: 7374 Bytes
2022/09/18-00:45:26.977100 7fa91f4a6ac0 SST files in /home/patrick/InternetComputer/Hyperspace1/v0/PersonalNFTGallery/.dfx/state/replicated_state/node-100/ic_consensus_pool/consensus dir, Total Num: 10, files: 000568.sst 000570.sst 000572.sst 000574.sst 000576.sst 000578.sst 000580.sst 000582.sst 000584.sst 
2022/09/18-00:45:26.977102 7fa91f4a6ac0 Write Ahead Log file in /home/patrick/InternetComputer/Hyperspace1/v0/PersonalNFTGallery/.dfx/state/replicated_state/node-100/ic_consensus_pool/consensus: 000563.log size: 1799415 ; 000566.log size: 17461242 ; 
2022/09/18-00:45:26.977103 7fa91f4a6ac0                         Options.error_if_exists: 0
2022/09/18-00:45:26.977104 7fa91f4a6ac0                       Options.create_if_missing: 1
2022/09/18-00:45:26.977105 7fa91f4a6ac0                         Options.paranoid_checks: 1
2022/09/18-00:45:26.977106 7fa91f4a6ac0                               Options.track_and_verify_wals_in_manifest: 0
2022/09/18-00:45:26.977106 7fa91f4a6ac0                                     Options.env: 0x55a3abaff940
2022/09/18-00:45:26.977107 7fa91f4a6ac0                                      Options.fs: Posix File System
2022/09/18-00:45:26.977108 7fa91f4a6ac0                                Options.info_log: 0x55a3edbdd160
2022/09/18-00:45:26.977109 7fa91f4a6ac0                Options.max_file_opening_threads: 16
2022/09/18-00:45:26.977110 7fa91f4a6ac0                              Options.statistics: (nil)
2022/09/18-00:45:26.977111 7fa91f4a6ac0                               Options.use_fsync: 1
2022/09/18-00:45:26.977111 7fa91f4a6ac0                       Options.max_log_file_size: 0
2022/09/18-00:45:26.977112 7fa91f4a6ac0                  Options.max_manifest_file_size: 1073741824
2022/09/18-00:45:26.977113 7fa91f4a6ac0                   Options.log_file_time_to_roll: 0
2022/09/18-00:45:26.977113 7fa91f4a6ac0                       Options.keep_log_file_num: 1000
2022/09/18-00:45:26.977114 7fa91f4a6ac0                    Options.recycle_log_file_num: 0
2022/09/18-00:45:26.977115 7fa91f4a6ac0                         Options.allow_fallocate: 1
2022/09/18-00:45:26.977115 7fa91f4a6ac0                        Options.allow_mmap_reads: 0
2022/09/18-00:45:26.977116 7fa91f4a6ac0                       Options.allow_mmap_writes: 0
2022/09/18-00:45:26.977117 7fa91f4a6ac0                        Options.use_direct_reads: 0
2022/09/18-00:45:26.977117 7fa91f4a6ac0                        Options.use_direct_io_for_flush_and_compaction: 0
2022/09/18-00:45:26.977118 7fa91f4a6ac0          Options.create_missing_column_families: 1
2022/09/18-00:45:26.977119 7fa91f4a6ac0                              Options.db_log_dir: 
2022/09/18-00:45:26.977119 7fa91f4a6ac0                                 Options.wal_dir: /home/patrick/InternetComputer/Hyperspace1/v0/PersonalNFTGallery/.dfx/state/replicated_state/node-100/ic_consensus_pool/consensus
2022/09/18-00:45:26.977120 7fa91f4a6ac0                Options.table_cache_numshardbits: 6
2022/09/18-00:45:26.977121 7fa91f4a6ac0                         Options.WAL_ttl_seconds: 0
2022/09/18-00:45:26.977121 7fa91f4a6ac0                       Options.WAL_size_limit_MB: 0
2022/09/18-00:45:26.977122 7fa91f4a6ac0                        Options.max_write_batch_group_size_bytes: 1048576
2022/09/18-00:45:26.977123 7fa91f4a6ac0             Options.manifest_preallocation_size: 4194304
2022/09/18-00:45:26.977123 7fa91f4a6ac0                     Options.is_fd_close_on_exec: 1
2022/09/18-00:45:26.977124 7fa91f4a6ac0                   Options.advise_random_on_open: 1
2022/09/18-00:45:26.977124 7fa91f4a6ac0                    Options.db_write_buffer_size: 0
2022/09/18-00:45:26.977125 7fa91f4a6ac0                    Options.write_buffer_manager: 0x55a3edc0ae50
2022/09/18-00:45:26.977154 7fa91f4a6ac0         Options.access_hint_on_compaction_start: 1
2022/09/18-00:45:26.977156 7fa91f4a6ac0  Options.new_table_reader_for_compaction_inputs: 0
2022/09/18-00:45:26.977157 7fa91f4a6ac0           Options.random_access_max_buffer_size: 1048576
2022/09/18-00:45:26.977157 7fa91f4a6ac0                      Options.use_adaptive_mutex: 0
2022/09/18-00:45:26.977158 7fa91f4a6ac0                            Options.rate_limiter: (nil)
2022/09/18-00:45:26.977159 7fa91f4a6ac0     Options.sst_file_manager.rate_bytes_per_sec: 0
2022/09/18-00:45:26.977160 7fa91f4a6ac0                       Options.wal_recovery_mode: 2
2022/09/18-00:45:26.977160 7fa91f4a6ac0                  Options.enable_thread_tracking: 0
2022/09/18-00:45:26.977161 7fa91f4a6ac0                  Options.enable_pipelined_write: 0
2022/09/18-00:45:26.977162 7fa91f4a6ac0                  Options.unordered_write: 0
2022/09/18-00:45:26.977162 7fa91f4a6ac0         Options.allow_concurrent_memtable_write: 1
2022/09/18-00:45:26.977163 7fa91f4a6ac0      Options.enable_write_thread_adaptive_yield: 1
2022/09/18-00:45:26.977163 7fa91f4a6ac0             Options.write_thread_max_yield_usec: 100
2022/09/18-00:45:26.977164 7fa91f4a6ac0            Options.write_thread_slow_yield_usec: 3
2022/09/18-00:45:26.977165 7fa91f4a6ac0                               Options.row_cache: None
2022/09/18-00:45:26.977165 7fa91f4a6ac0                              Options.wal_filter: None
2022/09/18-00:45:26.977166 7fa91f4a6ac0             Options.avoid_flush_during_recovery: 0
2022/09/18-00:45:26.977167 7fa91f4a6ac0             Options.allow_ingest_behind: 0
2022/09/18-00:45:26.977168 7fa91f4a6ac0             Options.preserve_deletes: 0
2022/09/18-00:45:26.977168 7fa91f4a6ac0             Options.two_write_queues: 0
2022/09/18-00:45:26.977169 7fa91f4a6ac0             Options.manual_wal_flush: 0
2022/09/18-00:45:26.977169 7fa91f4a6ac0             Options.atomic_flush: 0
2022/09/18-00:45:26.977170 7fa91f4a6ac0             Options.avoid_unnecessary_blocking_io: 0
2022/09/18-00:45:26.977171 7fa91f4a6ac0                 Options.persist_stats_to_disk: 0
2022/09/18-00:45:26.977171 7fa91f4a6ac0                 Options.write_dbid_to_manifest: 0
2022/09/18-00:45:26.977172 7fa91f4a6ac0                 Options.log_readahead_size: 0
2022/09/18-00:45:26.977172 7fa91f4a6ac0                 Options.file_checksum_gen_factory: Unknown
2022/09/18-00:45:26.977173 7fa91f4a6ac0                 Options.best_efforts_recovery: 0
2022/09/18-00:45:26.977174 7fa91f4a6ac0                Options.max_bgerror_resume_count: 2147483647
2022/09/18-00:45:26.977175 7fa91f4a6ac0            Options.bgerror_resume_retry_interval: 1000000
2022/09/18-00:45:26.977175 7fa91f4a6ac0             Options.allow_data_in_errors: 0
2022/09/18-00:45:26.977176 7fa91f4a6ac0             Options.db_host_id: __hostname__
2022/09/18-00:45:26.977177 7fa91f4a6ac0             Options.max_background_jobs: 2
2022/09/18-00:45:26.977177 7fa91f4a6ac0             Options.max_background_compactions: -1
2022/09/18-00:45:26.977178 7fa91f4a6ac0             Options.max_subcompactions: 1
2022/09/18-00:45:26.977179 7fa91f4a6ac0             Options.avoid_flush_during_shutdown: 0
2022/09/18-00:45:26.977179 7fa91f4a6ac0           Options.writable_file_max_buffer_size: 1048576
2022/09/18-00:45:26.977180 7fa91f4a6ac0             Options.delayed_write_rate : 16777216
2022/09/18-00:45:26.977181 7fa91f4a6ac0             Options.max_total_wal_size: 0
2022/09/18-00:45:26.977181 7fa91f4a6ac0             Options.delete_obsolete_files_period_micros: 21600000000
2022/09/18-00:45:26.977182 7fa91f4a6ac0                   Options.stats_dump_period_sec: 600
2022/09/18-00:45:26.977182 7fa91f4a6ac0                 Options.stats_persist_period_sec: 600
2022/09/18-00:45:26.977183 7fa91f4a6ac0                 Options.stats_history_buffer_size: 1048576
2022/09/18-00:45:26.977184 7fa91f4a6ac0                          Options.max_open_files: -1
2022/09/18-00:45:26.977184 7fa91f4a6ac0                          Options.bytes_per_sync: 0
2022/09/18-00:45:26.977207 7fa91f4a6ac0                      Options.wal_bytes_per_sync: 0
2022/09/18-00:45:26.977209 7fa91f4a6ac0                   Options.strict_bytes_per_sync: 0
2022/09/18-00:45:26.977209 7fa91f4a6ac0       Options.compaction_readahead_size: 0
2022/09/18-00:45:26.977210 7fa91f4a6ac0                  Options.max_background_flushes: -1
2022/09/18-00:45:26.977211 7fa91f4a6ac0 Compression algorithms supported:
2022/09/18-00:45:26.977212 7fa91f4a6ac0 	kZSTDNotFinalCompression supported: 1
2022/09/18-00:45:26.977215 7fa91f4a6ac0 	kZSTD supported: 1
2022/09/18-00:45:26.977216 7fa91f4a6ac0 	kXpressCompression supported: 0
2022/09/18-00:45:26.977217 7fa91f4a6ac0 	kLZ4HCCompression supported: 1
2022/09/18-00:45:26.977218 7fa91f4a6ac0 	kLZ4Compression supported: 1
2022/09/18-00:45:26.977218 7fa91f4a6ac0 	kBZip2Compression supported: 1
2022/09/18-00:45:26.977219 7fa91f4a6ac0 	kZlibCompression supported: 1
2022/09/18-00:45:26.977220 7fa91f4a6ac0 	kSnappyCompression supported: 1
2022/09/18-00:45:26.977223 7fa91f4a6ac0 Fast CRC32 supported: Supported on x86
2022/09/18-00:45:26.977588 7fa91f4a6ac0 [db/version_set.cc:4758] Recovering from manifest file: /home/patrick/InternetComputer/Hyperspace1/v0/PersonalNFTGallery/.dfx/state/replicated_state/node-100/ic_consensus_pool/consensus/MANIFEST-000562
2022/09/18-00:45:26.978739 7fa91f4a6ac0 [db/column_family.cc:595] --------------- Options for column family [default]:
2022/09/18-00:45:26.978743 7fa91f4a6ac0               Options.comparator: leveldb.BytewiseComparator
2022/09/18-00:45:26.978744 7fa91f4a6ac0           Options.merge_operator: None
2022/09/18-00:45:26.978745 7fa91f4a6ac0        Options.compaction_filter: None
2022/09/18-00:45:26.978745 7fa91f4a6ac0        Options.compaction_filter_factory: None
2022/09/18-00:45:26.978746 7fa91f4a6ac0  Options.sst_partitioner_factory: None
2022/09/18-00:45:26.978747 7fa91f4a6ac0         Options.memtable_factory: SkipListFactory
2022/09/18-00:45:26.978748 7fa91f4a6ac0            Options.table_factory: BlockBasedTable
2022/09/18-00:45:26.978955 7fa91f4a6ac0            table_factory options:   flush_block_policy_factory: FlushBlockBySizePolicyFactory (0x55a3edc08890)
  cache_index_and_filter_blocks: 0
  cache_index_and_filter_blocks_with_high_priority: 1
  pin_l0_filter_and_index_blocks_in_cache: 0
  pin_top_level_index_and_filter: 1
  index_type: 0
  data_block_index_type: 0
  index_shortening: 1
  data_block_hash_table_util_ratio: 0.750000
  hash_index_allow_collision: 1
  checksum: 1
  no_block_cache: 0
  block_cache: 0x55a3edc088e0
  block_cache_name: LRUCache
  block_cache_options:
    capacity : 8388608
    num_shard_bits : 4
    strict_capacity_limit : 0
    memory_allocator : None
    high_pri_pool_ratio: 0.000
  block_cache_compressed: (nil)
  persistent_cache: (nil)
  block_size: 4096
  block_size_deviation: 10
  block_restart_interval: 16
  index_block_restart_interval: 1
  metadata_block_size: 4096
  partition_filters: 0
  use_delta_encoding: 1
  filter_policy: nullptr
  whole_key_filtering: 1
  verify_compression: 0
  read_amp_bytes_per_bit: 0
  format_version: 4
  enable_index_compression: 1
  block_align: 0
2022/09/18-00:45:26.978990 7fa91f4a6ac0        Options.write_buffer_size: 67108864
2022/09/18-00:45:26.978992 7fa91f4a6ac0  Options.max_write_buffer_number: 2
2022/09/18-00:45:26.978993 7fa91f4a6ac0          Options.compression: Snappy
2022/09/18-00:45:26.978994 7fa91f4a6ac0                  Options.bottommost_compression: Disabled
2022/09/18-00:45:26.978995 7fa91f4a6ac0       Options.prefix_extractor: nullptr
2022/09/18-00:45:26.978995 7fa91f4a6ac0   Options.memtable_insert_with_hint_prefix_extractor: nullptr
2022/09/18-00:45:26.978996 7fa91f4a6ac0             Options.num_levels: 7
2022/09/18-00:45:26.978997 7fa91f4a6ac0        Options.min_write_buffer_number_to_merge: 1
2022/09/18-00:45:26.978997 7fa91f4a6ac0     Options.max_write_buffer_number_to_maintain: 0
2022/09/18-00:45:26.978998 7fa91f4a6ac0     Options.max_write_buffer_size_to_maintain: 0
2022/09/18-00:45:26.978999 7fa91f4a6ac0            Options.bottommost_compression_opts.window_bits: -14
2022/09/18-00:45:26.979055 7fa91f4a6ac0                  Options.bottommost_compression_opts.level: 32767
2022/09/18-00:45:26.979057 7fa91f4a6ac0               Options.bottommost_compression_opts.strategy: 0
2022/09/18-00:45:26.979058 7fa91f4a6ac0         Options.bottommost_compression_opts.max_dict_bytes: 0
2022/09/18-00:45:26.979058 7fa91f4a6ac0         Options.bottommost_compression_opts.zstd_max_train_bytes: 0
2022/09/18-00:45:26.979059 7fa91f4a6ac0         Options.bottommost_compression_opts.parallel_threads: 1
2022/09/18-00:45:26.979060 7fa91f4a6ac0                  Options.bottommost_compression_opts.enabled: false
2022/09/18-00:45:26.979060 7fa91f4a6ac0            Options.compression_opts.window_bits: -14
2022/09/18-00:45:26.979061 7fa91f4a6ac0                  Options.compression_opts.level: 32767
2022/09/18-00:45:26.979062 7fa91f4a6ac0               Options.compression_opts.strategy: 0
2022/09/18-00:45:26.979063 7fa91f4a6ac0         Options.compression_opts.max_dict_bytes: 0
2022/09/18-00:45:26.979063 7fa91f4a6ac0         Options.compression_opts.zstd_max_train_bytes: 0
2022/09/18-00:45:26.979064 7fa91f4a6ac0         Options.compression_opts.parallel_threads: 1
2022/09/18-00:45:26.979065 7fa91f4a6ac0                  Options.compression_opts.enabled: false
2022/09/18-00:45:26.979065 7fa91f4a6ac0      Options.level0_file_num_compaction_trigger: 4
2022/09/18-00:45:26.979066 7fa91f4a6ac0          Options.level0_slowdown_writes_trigger: 20
2022/09/18-00:45:26.979067 7fa91f4a6ac0              Options.level0_stop_writes_trigger: 36
2022/09/18-00:45:26.979067 7fa91f4a6ac0                   Options.target_file_size_base: 67108864
2022/09/18-00:45:26.979068 7fa91f4a6ac0             Options.target_file_size_multiplier: 1
2022/09/18-00:45:26.979069 7fa91f4a6ac0                Options.max_bytes_for_level_base: 268435456
2022/09/18-00:45:26.979069 7fa91f4a6ac0 Options.level_compaction_dynamic_level_bytes: 0
2022/09/18-00:45:26.979070 7fa91f4a6ac0          Options.max_bytes_for_level_multiplier: 10.000000
2022/09/18-00:45:26.979088 7fa91f4a6ac0 Options.max_bytes_for_level_multiplier_addtl[0]: 1
2022/09/18-00:45:26.979090 7fa91f4a6ac0 Options.max_bytes_for_level_multiplier_addtl[1]: 1
2022/09/18-00:45:26.979091 7fa91f4a6ac0 Options.max_bytes_for_level_multiplier_addtl[2]: 1
2022/09/18-00:45:26.979091 7fa91f4a6ac0 Options.max_bytes_for_level_multiplier_addtl[3]: 1
2022/09/18-00:45:26.979092 7fa91f4a6ac0 Options.max_bytes_for_level_multiplier_addtl[4]: 1
2022/09/18-00:45:26.979092 7fa91f4a6ac0 Options.max_bytes_for_level_multiplier_addtl[5]: 1
2022/09/18-00:45:26.979093 7fa91f4a6ac0 Options.max_bytes_for_level_multiplier_addtl[6]: 1
2022/09/18-00:45:26.979094 7fa91f4a6ac0       Options.max_sequential_skip_in_iterations: 8
2022/09/18-00:45:26.979094 7fa91f4a6ac0                    Options.max_compaction_bytes: 1677721600
2022/09/18-00:45:26.979095 7fa91f4a6ac0                        Options.arena_block_size: 8388608
2022/09/18-00:45:26.979096 7fa91f4a6ac0   Options.soft_pending_compaction_bytes_limit: 68719476736
2022/09/18-00:45:26.979096 7fa91f4a6ac0   Options.hard_pending_compaction_bytes_limit: 274877906944
2022/09/18-00:45:26.979097 7fa91f4a6ac0       Options.rate_limit_delay_max_milliseconds: 100
2022/09/18-00:45:26.979098 7fa91f4a6ac0                Options.disable_auto_compactions: 0
2022/09/18-00:45:26.979099 7fa91f4a6ac0                        Options.compaction_style: kCompactionStyleLevel
2022/09/18-00:45:26.979100 7fa91f4a6ac0                          Options.compaction_pri: kMinOverlappingRatio
2022/09/18-00:45:26.979101 7fa91f4a6ac0 Options.compaction_options_universal.size_ratio: 1
2022/09/18-00:45:26.979101 7fa91f4a6ac0 Options.compaction_options_universal.min_merge_width: 2
2022/09/18-00:45:26.979102 7fa91f4a6ac0 Options.compaction_options_universal.max_merge_width: 4294967295
2022/09/18-00:45:26.979102 7fa91f4a6ac0 Options.compaction_options_universal.max_size_amplification_percent: 200
2022/09/18-00:45:26.979103 7fa91f4a6ac0 Options.compaction_options_universal.compression_size_percent: -1
2022/09/18-00:45:26.979129 7fa91f4a6ac0 Options.compaction_options_universal.stop_style: kCompactionStopStyleTotalSize
2022/09/18-00:45:26.979131 7fa91f4a6ac0 Options.compaction_options_fifo.max_table_files_size: 1073741824
2022/09/18-00:45:26.979131 7fa91f4a6ac0 Options.compaction_options_fifo.allow_compaction: 0
2022/09/18-00:45:26.979138 7fa91f4a6ac0                   Options.table_properties_collectors: 
2022/09/18-00:45:26.979138 7fa91f4a6ac0                   Options.inplace_update_support: 0
2022/09/18-00:45:26.979139 7fa91f4a6ac0                 Options.inplace_update_num_locks: 10000
2022/09/18-00:45:26.979140 7fa91f4a6ac0               Options.memtable_prefix_bloom_size_ratio: 0.000000
2022/09/18-00:45:26.979141 7fa91f4a6ac0               Options.memtable_whole_key_filtering: 0
2022/09/18-00:45:26.979142 7fa91f4a6ac0   Options.memtable_huge_page_size: 0
2022/09/18-00:45:26.979142 7fa91f4a6ac0                           Options.bloom_locality: 0
2022/09/18-00:45:26.979143 7fa91f4a6ac0                    Options.max_successive_merges: 0
2022/09/18-00:45:26.979144 7fa91f4a6ac0                Options.optimize_filters_for_hits: 0
2022/09/18-00:45:26.979144 7fa91f4a6ac0                Options.paranoid_file_checks: 0
2022/09/18-00:45:26.979145 7fa91f4a6ac0                Options.force_consistency_checks: 1
2022/09/18-00:45:26.979146 7fa91f4a6ac0                Options.report_bg_io_stats: 0
2022/09/18-00:45:26.979146 7fa91f4a6ac0                               Options.ttl: 2592000
2022/09/18-00:45:26.979147 7fa91f4a6ac0          Options.periodic_compaction_seconds: 0
2022/09/18-00:45:26.979148 7fa91f4a6ac0                    Options.enable_blob_files: false
2022/09/18-00:45:26.979148 7fa91f4a6ac0                        Options.min_blob_size: 0
2022/09/18-00:45:26.979149 7fa91f4a6ac0                       Options.blob_file_size: 268435456
2022/09/18-00:45:26.979149 7fa91f4a6ac0                Options.blob_compression_type: NoCompression
2022/09/18-00:45:26.979150 7fa91f4a6ac0       Options.enable_blob_garbage_collection: false
2022/09/18-00:45:26.979151 7fa91f4a6ac0   Options.blob_garbage_collection_age_cutoff: 0.250000
2022/09/18-00:45:26.979465 7fa91f4a6ac0 [db/column_family.cc:595] --------------- Options for column family [RB]:
2022/09/18-00:45:26.979468 7fa91f4a6ac0               Options.comparator: leveldb.BytewiseComparator
2022/09/18-00:45:26.979469 7fa91f4a6ac0           Options.merge_operator: None
2022/09/18-00:45:26.979470 7fa91f4a6ac0        Options.compaction_filter: filter_outdated
2022/09/18-00:45:26.979472 7fa91f4a6ac0        Options.compaction_filter_factory: None
2022/09/18-00:45:26.979472 7fa91f4a6ac0  Options.sst_partitioner_factory: None
2022/09/18-00:45:26.979473 7fa91f4a6ac0         Options.memtable_factory: SkipListFactory
2022/09/18-00:45:26.979474 7fa91f4a6ac0            Options.table_factory: BlockBasedTable
2022/09/18-00:45:26.979539 7fa91f4a6ac0            table_factory options:   flush_block_policy_factory: FlushBlockBySizePolicyFactory (0x55a3edbeea90)
  cache_index_and_filter_blocks: 0
  cache_index_and_filter_blocks_with_high_priority: 1
  pin_l0_filter_and_index_blocks_in_cache: 0
  pin_top_level_index_and_filter: 1
  index_type: 0
  data_block_index_type: 0
  index_shortening: 1
  data_block_hash_table_util_ratio: 0.750000
  hash_index_allow_collision: 1
  checksum: 1
  no_block_cache: 0
  block_cache: 0x55a3edbeeae0
  block_cache_name: LRUCache
  block_cache_options:
    capacity : 8388608
    num_shard_bits : 4
    strict_capacity_limit : 0
    memory_allocator : None
    high_pri_pool_ratio: 0.000
  block_cache_compressed: (nil)
  persistent_cache: (nil)
  block_size: 4096
  block_size_deviation: 10
  block_restart_interval: 16
  index_block_restart_interval: 1
  metadata_block_size: 4096
  partition_filters: 0
  use_delta_encoding: 1
  filter_policy: nullptr
  whole_key_filtering: 1
  verify_compression: 0
  read_amp_bytes_per_bit: 0
  format_version: 4
  enable_index_compression: 1
  block_align: 0
2022/09/18-00:45:26.979546 7fa91f4a6ac0        Options.write_buffer_size: 67108864
2022/09/18-00:45:26.979554 7fa91f4a6ac0  Options.max_write_buffer_number: 2
2022/09/18-00:45:26.979555 7fa91f4a6ac0          Options.compression: NoCompression
2022/09/18-00:45:26.979556 7fa91f4a6ac0                  Options.bottommost_compression: Disabled
2022/09/18-00:45:26.979556 7fa91f4a6ac0       Options.prefix_extractor: nullptr
2022/09/18-00:45:26.979557 7fa91f4a6ac0   Options.memtable_insert_with_hint_prefix_extractor: nullptr
2022/09/18-00:45:26.979558 7fa91f4a6ac0             Options.num_levels: 7
2022/09/18-00:45:26.979558 7fa91f4a6ac0        Options.min_write_buffer_number_to_merge: 1
2022/09/18-00:45:26.979559 7fa91f4a6ac0     Options.max_write_buffer_number_to_maintain: 0
2022/09/18-00:45:26.979560 7fa91f4a6ac0     Options.max_write_buffer_size_to_maintain: 0
2022/09/18-00:45:26.979560 7fa91f4a6ac0            Options.bottommost_compression_opts.window_bits: -14
2022/09/18-00:45:26.979561 7fa91f4a6ac0                  Options.bottommost_compression_opts.level: 32767
2022/09/18-00:45:26.979562 7fa91f4a6ac0               Options.bottommost_compression_opts.strategy: 0
2022/09/18-00:45:26.979562 7fa91f4a6ac0         Options.bottommost_compression_opts.max_dict_bytes: 0
2022/09/18-00:45:26.979563 7fa91f4a6ac0         Options.bottommost_compression_opts.zstd_max_train_bytes: 0
2022/09/18-00:45:26.979564 7fa91f4a6ac0         Options.bottommost_compression_opts.parallel_threads: 1
2022/09/18-00:45:26.979564 7fa91f4a6ac0                  Options.bottommost_compression_opts.enabled: false
2022/09/18-00:45:26.979565 7fa91f4a6ac0            Options.compression_opts.window_bits: -14
2022/09/18-00:45:26.979566 7fa91f4a6ac0                  Options.compression_opts.level: 32767
2022/09/18-00:45:26.979566 7fa91f4a6ac0               Options.compression_opts.strategy: 0
2022/09/18-00:45:26.979567 7fa91f4a6ac0         Options.compression_opts.max_dict_bytes: 0
2022/09/18-00:45:26.979567 7fa91f4a6ac0         Options.compression_opts.zstd_max_train_bytes: 0
2022/09/18-00:45:26.979568 7fa91f4a6ac0         Options.compression_opts.parallel_threads: 1
2022/09/18-00:45:26.979569 7fa91f4a6ac0                  Options.compression_opts.enabled: false
2022/09/18-00:45:26.979569 7fa91f4a6ac0      Options.level0_file_num_compaction_trigger: 4
2022/09/18-00:45:26.979570 7fa91f4a6ac0          Options.level0_slowdown_writes_trigger: 20
2022/09/18-00:45:26.979571 7fa91f4a6ac0              Options.level0_stop_writes_trigger: 36
2022/09/18-00:45:26.979571 7fa91f4a6ac0                   Options.target_file_size_base: 67108864
2022/09/18-00:45:26.979572 7fa91f4a6ac0             Options.target_file_size_multiplier: 1
2022/09/18-00:45:26.979572 7fa91f4a6ac0                Options.max_bytes_for_level_base: 268435456
2022/09/18-00:45:26.979573 7fa91f4a6ac0 Options.level_compaction_dynamic_level_bytes: 0
2022/09/18-00:45:26.979574 7fa91f4a6ac0          Options.max_bytes_for_level_multiplier: 10.000000
2022/09/18-00:45:26.979575 7fa91f4a6ac0 Options.max_bytes_for_level_multiplier_addtl[0]: 1
2022/09/18-00:45:26.979576 7fa91f4a6ac0 Options.max_bytes_for_level_multiplier_addtl[1]: 1
2022/09/18-00:45:26.979577 7fa91f4a6ac0 Options.max_bytes_for_level_multiplier_addtl[2]: 1
2022/09/18-00:45:26.979577 7fa91f4a6ac0 Options.max_bytes_for_level_multiplier_addtl[3]: 1
2022/09/18-00:45:26.979578 7fa91f4a6ac0 Options.max_bytes_for_level_multiplier_addtl[4]: 1
2022/09/18-00:45:26.979578 7fa91f4a6ac0 Options.max_bytes_for_level_multiplier_addtl[5]: 1
2022/09/18-00:45:26.979579 7fa91f4a6ac0 Options.max_bytes_for_level_multiplier_addtl[6]: 1
2022/09/18-00:45:26.979580 7fa91f4a6ac0       Options.max_sequential_skip_in_iterations: 8
2022/09/18-00:45:26.979580 7fa91f4a6ac0                    Options.max_compaction_bytes: 1677721600
2022/09/18-00:45:26.979581 7fa91f4a6ac0                        Options.arena_block_size: 8388608
2022/09/18-00:45:26.979582 7fa91f4a6ac0   Options.soft_pending_compaction_bytes_limit: 68719476736
2022/09/18-00:45:26.979582 7fa91f4a6ac0   Options.hard_pending_compaction_bytes_limit: 274877906944
2022/09/18-00:45:26.979583 7fa91f4a6ac0       Options.rate_limit_delay_max_milliseconds: 100
2022/09/18-00:45:26.979605 7fa91f4a6ac0                Options.disable_auto_compactions: 1
2022/09/18-00:45:26.979608 7fa91f4a6ac0                        Options.compaction_style: kCompactionStyleLevel
2022/09/18-00:45:26.979608 7fa91f4a6ac0                          Options.compaction_pri: kMinOverlappingRatio
2022/09/18-00:45:26.979609 7fa91f4a6ac0 Options.compaction_options_universal.size_ratio: 1
2022/09/18-00:45:26.979610 7fa91f4a6ac0 Options.compaction_options_universal.min_merge_width: 2
2022/09/18-00:45:26.979611 7fa91f4a6ac0 Options.compaction_options_universal.max_merge_width: 4294967295
2022/09/18-00:45:26.979611 7fa91f4a6ac0 Options.compaction_options_universal.max_size_amplification_percent: 200
2022/09/18-00:45:26.979612 7fa91f4a6ac0 Options.compaction_options_universal.compression_size_percent: -1
2022/09/18-00:45:26.979613 7fa91f4a6ac0 Options.compaction_options_universal.stop_style: kCompactionStopStyleTotalSize
2022/09/18-00:45:26.979614 7fa91f4a6ac0 Options.compaction_options_fifo.max_table_files_size: 1073741824
2022/09/18-00:45:26.979614 7fa91f4a6ac0 Options.compaction_options_fifo.allow_compaction: 0
2022/09/18-00:45:26.979616 7fa91f4a6ac0                   Options.table_properties_collectors: 
2022/09/18-00:45:26.979617 7fa91f4a6ac0                   Options.inplace_update_support: 0
2022/09/18-00:45:26.979618 7fa91f4a6ac0                 Options.inplace_update_num_locks: 10000
2022/09/18-00:45:26.979618 7fa91f4a6ac0               Options.memtable_prefix_bloom_size_ratio: 0.000000
2022/09/18-00:45:26.979619 7fa91f4a6ac0               Options.memtable_whole_key_filtering: 0
2022/09/18-00:45:26.979620 7fa91f4a6ac0   Options.memtable_huge_page_size: 0
2022/09/18-00:45:26.979621 7fa91f4a6ac0                           Options.bloom_locality: 0
2022/09/18-00:45:26.979621 7fa91f4a6ac0                    Options.max_successive_merges: 0
2022/09/18-00:45:26.979622 7fa91f4a6ac0                Options.optimize_filters_for_hits: 0
2022/09/18-00:45:26.979623 7fa91f4a6ac0                Options.paranoid_file_checks: 0
2022/09/18-00:45:26.979623 7fa91f4a6ac0                Options.force_consistency_checks: 1
2022/09/18-00:45:26.979624 7fa91f4a6ac0                Options.report_bg_io_stats: 0
2022/09/18-00:45:26.979625 7fa91f4a6ac0                               Options.ttl: 2592000
2022/09/18-00:45:26.979626 7fa91f4a6ac0          Options.periodic_compaction_seconds: 2592000
2022/09/18-00:45:26.979626 7fa91f4a6ac0                    Options.enable_blob_files: false
2022/09/18-00:45:26.979627 7fa91f4a6ac0                        Options.min_blob_size: 0
2022/09/18-00:45:26.979627 7fa91f4a6ac0                       Options.blob_file_size: 268435456
2022/09/18-00:45:26.979628 7fa91f4a6ac0                Options.blob_compression_type: NoCompression
2022/09/18-00:45:26.979629 7fa91f4a6ac0       Options.enable_blob_garbage_collection: false
2022/09/18-00:45:26.979629 7fa91f4a6ac0   Options.blob_garbage_collection_age_cutoff: 0.250000
2022/09/18-00:45:26.979850 7fa91f4a6ac0 [db/column_family.cc:595] --------------- Options for column family [FZ]:
2022/09/18-00:45:26.979852 7fa91f4a6ac0               Options.comparator: leveldb.BytewiseComparator
2022/09/18-00:45:26.979853 7fa91f4a6ac0           Options.merge_operator: None
2022/09/18-00:45:26.979854 7fa91f4a6ac0        Options.compaction_filter: filter_outdated
2022/09/18-00:45:26.979854 7fa91f4a6ac0        Options.compaction_filter_factory: None
2022/09/18-00:45:26.979855 7fa91f4a6ac0  Options.sst_partitioner_factory: None
2022/09/18-00:45:26.979856 7fa91f4a6ac0         Options.memtable_factory: SkipListFactory
2022/09/18-00:45:26.979856 7fa91f4a6ac0            Options.table_factory: BlockBasedTable
2022/09/18-00:45:26.979903 7fa91f4a6ac0            table_factory options:   flush_block_policy_factory: FlushBlockBySizePolicyFactory (0x55a3edbf0d20)
  cache_index_and_filter_blocks: 0
  cache_index_and_filter_blocks_with_high_priority: 1
  pin_l0_filter_and_index_blocks_in_cache: 0
  pin_top_level_index_and_filter: 1
  index_type: 0
  data_block_index_type: 0
  index_shortening: 1
  data_block_hash_table_util_ratio: 0.750000
  hash_index_allow_collision: 1
  checksum: 1
  no_block_cache: 0
  block_cache: 0x55a3edbf0d70
  block_cache_name: LRUCache
  block_cache_options:
    capacity : 8388608
    num_shard_bits : 4
    strict_capacity_limit : 0
    memory_allocator : None
    high_pri_pool_ratio: 0.000
  block_cache_compressed: (nil)
  persistent_cache: (nil)
  block_size: 4096
  block_size_deviation: 10
  block_restart_interval: 16
  index_block_restart_interval: 1
  metadata_block_size: 4096
  partition_filters: 0
  use_delta_encoding: 1
  filter_policy: nullptr
  whole_key_filtering: 1
  verify_compression: 0
  read_amp_bytes_per_bit: 0
  format_version: 4
  enable_index_compression: 1
  block_align: 0
2022/09/18-00:45:26.979930 7fa91f4a6ac0        Options.write_buffer_size: 67108864
2022/09/18-00:45:26.979932 7fa91f4a6ac0  Options.max_write_buffer_number: 2
2022/09/18-00:45:26.979933 7fa91f4a6ac0          Options.compression: NoCompression
2022/09/18-00:45:26.979934 7fa91f4a6ac0                  Options.bottommost_compression: Disabled
2022/09/18-00:45:26.979934 7fa91f4a6ac0       Options.prefix_extractor: nullptr
2022/09/18-00:45:26.979935 7fa91f4a6ac0   Options.memtable_insert_with_hint_prefix_extractor: nullptr
2022/09/18-00:45:26.979936 7fa91f4a6ac0             Options.num_levels: 7
2022/09/18-00:45:26.979936 7fa91f4a6ac0        Options.min_write_buffer_number_to_merge: 1
2022/09/18-00:45:26.979937 7fa91f4a6ac0     Options.max_write_buffer_number_to_maintain: 0
2022/09/18-00:45:26.979938 7fa91f4a6ac0     Options.max_write_buffer_size_to_maintain: 0
2022/09/18-00:45:26.979938 7fa91f4a6ac0            Options.bottommost_compression_opts.window_bits: -14
2022/09/18-00:45:26.979939 7fa91f4a6ac0                  Options.bottommost_compression_opts.level: 32767
2022/09/18-00:45:26.979940 7fa91f4a6ac0               Options.bottommost_compression_opts.strategy: 0
2022/09/18-00:45:26.979941 7fa91f4a6ac0         Options.bottommost_compression_opts.max_dict_bytes: 0
2022/09/18-00:45:26.979941 7fa91f4a6ac0         Options.bottommost_compression_opts.zstd_max_train_bytes: 0
2022/09/18-00:45:26.979942 7fa91f4a6ac0         Options.bottommost_compression_opts.parallel_threads: 1
2022/09/18-00:45:26.979943 7fa91f4a6ac0                  Options.bottommost_compression_opts.enabled: false
2022/09/18-00:45:26.979944 7fa91f4a6ac0            Options.compression_opts.window_bits: -14
2022/09/18-00:45:26.979944 7fa91f4a6ac0                  Options.compression_opts.level: 32767
2022/09/18-00:45:26.979945 7fa91f4a6ac0               Options.compression_opts.strategy: 0
2022/09/18-00:45:26.979945 7fa91f4a6ac0         Options.compression_opts.max_dict_bytes: 0
2022/09/18-00:45:26.979946 7fa91f4a6ac0         Options.compression_opts.zstd_max_train_bytes: 0
2022/09/18-00:45:26.979947 7fa91f4a6ac0         Options.compression_opts.parallel_threads: 1
2022/09/18-00:45:26.979947 7fa91f4a6ac0                  Options.compression_opts.enabled: false
2022/09/18-00:45:26.979948 7fa91f4a6ac0      Options.level0_file_num_compaction_trigger: 4
2022/09/18-00:45:26.979949 7fa91f4a6ac0          Options.level0_slowdown_writes_trigger: 20
2022/09/18-00:45:26.979949 7fa91f4a6ac0              Options.level0_stop_writes_trigger: 36
2022/09/18-00:45:26.979950 7fa91f4a6ac0                   Options.target_file_size_base: 67108864
2022/09/18-00:45:26.979950 7fa91f4a6ac0             Options.target_file_size_multiplier: 1
2022/09/18-00:45:26.979951 7fa91f4a6ac0                Options.max_bytes_for_level_base: 268435456
2022/09/18-00:45:26.979952 7fa91f4a6ac0 Options.level_compaction_dynamic_level_bytes: 0
2022/09/18-00:45:26.979952 7fa91f4a6ac0          Options.max_bytes_for_level_multiplier: 10.000000
2022/09/18-00:45:26.979954 7fa91f4a6ac0 Options.max_bytes_for_level_multiplier_addtl[0]: 1
2022/09/18-00:45:26.979955 7fa91f4a6ac0 Options.max_bytes_for_level_multiplier_addtl[1]: 1
2022/09/18-00:45:26.979955 7fa91f4a6ac0 Options.max_bytes_for_level_multiplier_addtl[2]: 1
2022/09/18-00:45:26.979980 7fa91f4a6ac0 Options.max_bytes_for_level_multiplier_addtl[3]: 1
2022/09/18-00:45:26.979982 7fa91f4a6ac0 Options.max_bytes_for_level_multiplier_addtl[4]: 1
2022/09/18-00:45:26.979983 7fa91f4a6ac0 Options.max_bytes_for_level_multiplier_addtl[5]: 1
2022/09/18-00:45:26.979984 7fa91f4a6ac0 Options.max_bytes_for_level_multiplier_addtl[6]: 1
2022/09/18-00:45:26.979984 7fa91f4a6ac0       Options.max_sequential_skip_in_iterations: 8
2022/09/18-00:45:26.979985 7fa91f4a6ac0                    Options.max_compaction_bytes: 1677721600
2022/09/18-00:45:26.979985 7fa91f4a6ac0                        Options.arena_block_size: 8388608
2022/09/18-00:45:26.979986 7fa91f4a6ac0   Options.soft_pending_compaction_bytes_limit: 68719476736
2022/09/18-00:45:26.979987 7fa91f4a6ac0   Options.hard_pending_compaction_bytes_limit: 274877906944
2022/09/18-00:45:26.979987 7fa91f4a6ac0       Options.rate_limit_delay_max_milliseconds: 100
2022/09/18-00:45:26.979988 7fa91f4a6ac0                Options.disable_auto_compactions: 1
2022/09/18-00:45:26.979989 7fa91f4a6ac0                        Options.compaction_style: kCompactionStyleLevel
2022/09/18-00:45:26.979990 7fa91f4a6ac0                          Options.compaction_pri: kMinOverlappingRatio
2022/09/18-00:45:26.979991 7fa91f4a6ac0 Options.compaction_options_universal.size_ratio: 1
2022/09/18-00:45:26.979991 7fa91f4a6ac0 Options.compaction_options_universal.min_merge_width: 2
2022/09/18-00:45:26.979992 7fa91f4a6ac0 Options.compaction_options_universal.max_merge_width: 4294967295
2022/09/18-00:45:26.979992 7fa91f4a6ac0 Options.compaction_options_universal.max_size_amplification_percent: 200
2022/09/18-00:45:26.979993 7fa91f4a6ac0 Options.compaction_options_universal.compression_size_percent: -1
2022/09/18-00:45:26.979994 7fa91f4a6ac0 Options.compaction_options_universal.stop_style: kCompactionStopStyleTotalSize
2022/09/18-00:45:26.979994 7fa91f4a6ac0 Options.compaction_options_fifo.max_table_files_size: 1073741824
2022/09/18-00:45:26.979995 7fa91f4a6ac0 Options.compaction_options_fifo.allow_compaction: 0
2022/09/18-00:45:26.979997 7fa91f4a6ac0                   Options.table_properties_collectors: 
2022/09/18-00:45:26.979998 7fa91f4a6ac0                   Options.inplace_update_support: 0
2022/09/18-00:45:26.979998 7fa91f4a6ac0                 Options.inplace_update_num_locks: 10000
2022/09/18-00:45:26.979999 7fa91f4a6ac0               Options.memtable_prefix_bloom_size_ratio: 0.000000
2022/09/18-00:45:26.980000 7fa91f4a6ac0               Options.memtable_whole_key_filtering: 0
2022/09/18-00:45:26.980001 7fa91f4a6ac0   Options.memtable_huge_page_size: 0
2022/09/18-00:45:26.980001 7fa91f4a6ac0                           Options.bloom_locality: 0
2022/09/18-00:45:26.980002 7fa91f4a6ac0                    Options.max_successive_merges: 0
2022/09/18-00:45:26.980002 7fa91f4a6ac0                Options.optimize_filters_for_hits: 0
2022/09/18-00:45:26.980003 7fa91f4a6ac0                Options.paranoid_file_checks: 0
2022/09/18-00:45:26.980004 7fa91f4a6ac0                Options.force_consistency_checks: 1
2022/09/18-00:45:26.980004 7fa91f4a6ac0                Options.report_bg_io_stats: 0
2022/09/18-00:45:26.980005 7fa91f4a6ac0                               Options.ttl: 2592000
2022/09/18-00:45:26.980006 7fa91f4a6ac0          Options.periodic_compaction_seconds: 2592000
2022/09/18-00:45:26.980006 7fa91f4a6ac0                    Options.enable_blob_files: false
2022/09/18-00:45:26.980007 7fa91f4a6ac0                        Options.min_blob_size: 0
2022/09/18-00:45:26.980007 7fa91f4a6ac0                       Options.blob_file_size: 268435456
2022/09/18-00:45:26.980008 7fa91f4a6ac0                Options.blob_compression_type: NoCompression
2022/09/18-00:45:26.980009 7fa91f4a6ac0       Options.enable_blob_garbage_collection: false
2022/09/18-00:45:26.980009 7fa91f4a6ac0   Options.blob_garbage_collection_age_cutoff: 0.250000
2022/09/18-00:45:26.980161 7fa91f4a6ac0 [db/column_family.cc:595] --------------- Options for column family [NZ]:
2022/09/18-00:45:26.980163 7fa91f4a6ac0               Options.comparator: leveldb.BytewiseComparator
2022/09/18-00:45:26.980189 7fa91f4a6ac0           Options.merge_operator: None
2022/09/18-00:45:26.980192 7fa91f4a6ac0        Options.compaction_filter: filter_outdated
2022/09/18-00:45:26.980192 7fa91f4a6ac0        Options.compaction_filter_factory: None
2022/09/18-00:45:26.980193 7fa91f4a6ac0  Options.sst_partitioner_factory: None
2022/09/18-00:45:26.980194 7fa91f4a6ac0         Options.memtable_factory: SkipListFactory
2022/09/18-00:45:26.980194 7fa91f4a6ac0            Options.table_factory: BlockBasedTable
2022/09/18-00:45:26.980259 7fa91f4a6ac0            table_factory options:   flush_block_policy_factory: FlushBlockBySizePolicyFactory (0x55a3edbf2fd0)
  cache_index_and_filter_blocks: 0
  cache_index_and_filter_blocks_with_high_priority: 1
  pin_l0_filter_and_index_blocks_in_cache: 0
  pin_top_level_index_and_filter: 1
  index_type: 0
  data_block_index_type: 0
  index_shortening: 1
  data_block_hash_table_util_ratio: 0.750000
  hash_index_allow_collision: 1
  checksum: 1
  no_block_cache: 0
  block_cache: 0x55a3edbf3020
  block_cache_name: LRUCache
  block_cache_options:
    capacity : 8388608
    num_shard_bits : 4
    strict_capacity_limit : 0
    memory_allocator : None
    high_pri_pool_ratio: 0.000
  block_cache_compressed: (nil)
  persistent_cache: (nil)
  block_size: 4096
  block_size_deviation: 10
  block_restart_interval: 16
  index_block_restart_interval: 1
  metadata_block_size: 4096
  partition_filters: 0
  use_delta_encoding: 1
  filter_policy: nullptr
  whole_key_filtering: 1
  verify_compression: 0
  read_amp_bytes_per_bit: 0
  format_version: 4
  enable_index_compression: 1
  block_align: 0
2022/09/18-00:45:26.980283 7fa91f4a6ac0        Options.write_buffer_size: 67108864
2022/09/18-00:45:26.980284 7fa91f4a6ac0  Options.max_write_buffer_number: 2
2022/09/18-00:45:26.980285 7fa91f4a6ac0          Options.compression: NoCompression
2022/09/18-00:45:26.980286 7fa91f4a6ac0                  Options.bottommost_compression: Disabled
2022/09/18-00:45:26.980286 7fa91f4a6ac0       Options.prefix_extractor: nullptr
2022/09/18-00:45:26.980287 7fa91f4a6ac0   Options.memtable_insert_with_hint_prefix_extractor: nullptr
2022/09/18-00:45:26.980288 7fa91f4a6ac0             Options.num_levels: 7
2022/09/18-00:45:26.980288 7fa91f4a6ac0        Options.min_write_buffer_number_to_merge: 1
2022/09/18-00:45:26.980289 7fa91f4a6ac0     Options.max_write_buffer_number_to_maintain: 0
2022/09/18-00:45:26.980290 7fa91f4a6ac0     Options.max_write_buffer_size_to_maintain: 0
2022/09/18-00:45:26.980290 7fa91f4a6ac0            Options.bottommost_compression_opts.window_bits: -14
2022/09/18-00:45:26.980291 7fa91f4a6ac0                  Options.bottommost_compression_opts.level: 32767
2022/09/18-00:45:26.980292 7fa91f4a6ac0               Options.bottommost_compression_opts.strategy: 0
2022/09/18-00:45:26.980292 7fa91f4a6ac0         Options.bottommost_compression_opts.max_dict_bytes: 0
