2022/11/21-16:34:27.831643 7f4ca2145ac0 RocksDB version: 6.17.0
2022/11/21-16:34:27.831709 7f4ca2145ac0 Git sha 0
2022/11/21-16:34:27.831752 7f4ca2145ac0 DB SUMMARY
2022/11/21-16:34:27.831754 7f4ca2145ac0 DB Session ID:  FIX7EQKMWC4J0EUIGH4R
2022/11/21-16:34:27.832442 7f4ca2145ac0 CURRENT file:  CURRENT
2022/11/21-16:34:27.832445 7f4ca2145ac0 IDENTITY file:  IDENTITY
2022/11/21-16:34:27.832450 7f4ca2145ac0 MANIFEST file:  MANIFEST-001117 size: 7388 Bytes
2022/11/21-16:34:27.832451 7f4ca2145ac0 SST files in /home/patrick/InternetComputer/Hyperspace1/v0/PersonalNFTGallery/.dfx/state/replicated_state/node-100/ic_consensus_pool/consensus dir, Total Num: 10, files: 001123.sst 001125.sst 001127.sst 001129.sst 001131.sst 001133.sst 001135.sst 001137.sst 001139.sst 
2022/11/21-16:34:27.832452 7f4ca2145ac0 Write Ahead Log file in /home/patrick/InternetComputer/Hyperspace1/v0/PersonalNFTGallery/.dfx/state/replicated_state/node-100/ic_consensus_pool/consensus: 001118.log size: 302944 ; 001121.log size: 16484476 ; 
2022/11/21-16:34:27.832454 7f4ca2145ac0                         Options.error_if_exists: 0
2022/11/21-16:34:27.832455 7f4ca2145ac0                       Options.create_if_missing: 1
2022/11/21-16:34:27.832455 7f4ca2145ac0                         Options.paranoid_checks: 1
2022/11/21-16:34:27.832456 7f4ca2145ac0                               Options.track_and_verify_wals_in_manifest: 0
2022/11/21-16:34:27.832457 7f4ca2145ac0                                     Options.env: 0x5629e895d940
2022/11/21-16:34:27.832458 7f4ca2145ac0                                      Options.fs: Posix File System
2022/11/21-16:34:27.832459 7f4ca2145ac0                                Options.info_log: 0x562a2c038160
2022/11/21-16:34:27.832459 7f4ca2145ac0                Options.max_file_opening_threads: 16
2022/11/21-16:34:27.832460 7f4ca2145ac0                              Options.statistics: (nil)
2022/11/21-16:34:27.832461 7f4ca2145ac0                               Options.use_fsync: 1
2022/11/21-16:34:27.832461 7f4ca2145ac0                       Options.max_log_file_size: 0
2022/11/21-16:34:27.832462 7f4ca2145ac0                  Options.max_manifest_file_size: 1073741824
2022/11/21-16:34:27.832463 7f4ca2145ac0                   Options.log_file_time_to_roll: 0
2022/11/21-16:34:27.832463 7f4ca2145ac0                       Options.keep_log_file_num: 1000
2022/11/21-16:34:27.832464 7f4ca2145ac0                    Options.recycle_log_file_num: 0
2022/11/21-16:34:27.832465 7f4ca2145ac0                         Options.allow_fallocate: 1
2022/11/21-16:34:27.832465 7f4ca2145ac0                        Options.allow_mmap_reads: 0
2022/11/21-16:34:27.832466 7f4ca2145ac0                       Options.allow_mmap_writes: 0
2022/11/21-16:34:27.832467 7f4ca2145ac0                        Options.use_direct_reads: 0
2022/11/21-16:34:27.832467 7f4ca2145ac0                        Options.use_direct_io_for_flush_and_compaction: 0
2022/11/21-16:34:27.832468 7f4ca2145ac0          Options.create_missing_column_families: 1
2022/11/21-16:34:27.832468 7f4ca2145ac0                              Options.db_log_dir: 
2022/11/21-16:34:27.832469 7f4ca2145ac0                                 Options.wal_dir: /home/patrick/InternetComputer/Hyperspace1/v0/PersonalNFTGallery/.dfx/state/replicated_state/node-100/ic_consensus_pool/consensus
2022/11/21-16:34:27.832470 7f4ca2145ac0                Options.table_cache_numshardbits: 6
2022/11/21-16:34:27.832470 7f4ca2145ac0                         Options.WAL_ttl_seconds: 0
2022/11/21-16:34:27.832471 7f4ca2145ac0                       Options.WAL_size_limit_MB: 0
2022/11/21-16:34:27.832471 7f4ca2145ac0                        Options.max_write_batch_group_size_bytes: 1048576
2022/11/21-16:34:27.832472 7f4ca2145ac0             Options.manifest_preallocation_size: 4194304
2022/11/21-16:34:27.832473 7f4ca2145ac0                     Options.is_fd_close_on_exec: 1
2022/11/21-16:34:27.832473 7f4ca2145ac0                   Options.advise_random_on_open: 1
2022/11/21-16:34:27.832474 7f4ca2145ac0                    Options.db_write_buffer_size: 0
2022/11/21-16:34:27.832475 7f4ca2145ac0                    Options.write_buffer_manager: 0x562a2c065e50
2022/11/21-16:34:27.832489 7f4ca2145ac0         Options.access_hint_on_compaction_start: 1
2022/11/21-16:34:27.832490 7f4ca2145ac0  Options.new_table_reader_for_compaction_inputs: 0
2022/11/21-16:34:27.832491 7f4ca2145ac0           Options.random_access_max_buffer_size: 1048576
2022/11/21-16:34:27.832491 7f4ca2145ac0                      Options.use_adaptive_mutex: 0
2022/11/21-16:34:27.832492 7f4ca2145ac0                            Options.rate_limiter: (nil)
2022/11/21-16:34:27.832493 7f4ca2145ac0     Options.sst_file_manager.rate_bytes_per_sec: 0
2022/11/21-16:34:27.832494 7f4ca2145ac0                       Options.wal_recovery_mode: 2
2022/11/21-16:34:27.832494 7f4ca2145ac0                  Options.enable_thread_tracking: 0
2022/11/21-16:34:27.832495 7f4ca2145ac0                  Options.enable_pipelined_write: 0
2022/11/21-16:34:27.832495 7f4ca2145ac0                  Options.unordered_write: 0
2022/11/21-16:34:27.832496 7f4ca2145ac0         Options.allow_concurrent_memtable_write: 1
2022/11/21-16:34:27.832496 7f4ca2145ac0      Options.enable_write_thread_adaptive_yield: 1
2022/11/21-16:34:27.832497 7f4ca2145ac0             Options.write_thread_max_yield_usec: 100
2022/11/21-16:34:27.832498 7f4ca2145ac0            Options.write_thread_slow_yield_usec: 3
2022/11/21-16:34:27.832498 7f4ca2145ac0                               Options.row_cache: None
2022/11/21-16:34:27.832499 7f4ca2145ac0                              Options.wal_filter: None
2022/11/21-16:34:27.832500 7f4ca2145ac0             Options.avoid_flush_during_recovery: 0
2022/11/21-16:34:27.832500 7f4ca2145ac0             Options.allow_ingest_behind: 0
2022/11/21-16:34:27.832501 7f4ca2145ac0             Options.preserve_deletes: 0
2022/11/21-16:34:27.832501 7f4ca2145ac0             Options.two_write_queues: 0
2022/11/21-16:34:27.832502 7f4ca2145ac0             Options.manual_wal_flush: 0
2022/11/21-16:34:27.832503 7f4ca2145ac0             Options.atomic_flush: 0
2022/11/21-16:34:27.832503 7f4ca2145ac0             Options.avoid_unnecessary_blocking_io: 0
2022/11/21-16:34:27.832504 7f4ca2145ac0                 Options.persist_stats_to_disk: 0
2022/11/21-16:34:27.832504 7f4ca2145ac0                 Options.write_dbid_to_manifest: 0
2022/11/21-16:34:27.832505 7f4ca2145ac0                 Options.log_readahead_size: 0
2022/11/21-16:34:27.832505 7f4ca2145ac0                 Options.file_checksum_gen_factory: Unknown
2022/11/21-16:34:27.832506 7f4ca2145ac0                 Options.best_efforts_recovery: 0
2022/11/21-16:34:27.832507 7f4ca2145ac0                Options.max_bgerror_resume_count: 2147483647
2022/11/21-16:34:27.832507 7f4ca2145ac0            Options.bgerror_resume_retry_interval: 1000000
2022/11/21-16:34:27.832508 7f4ca2145ac0             Options.allow_data_in_errors: 0
2022/11/21-16:34:27.832509 7f4ca2145ac0             Options.db_host_id: __hostname__
2022/11/21-16:34:27.832509 7f4ca2145ac0             Options.max_background_jobs: 2
2022/11/21-16:34:27.832510 7f4ca2145ac0             Options.max_background_compactions: -1
2022/11/21-16:34:27.832510 7f4ca2145ac0             Options.max_subcompactions: 1
2022/11/21-16:34:27.832511 7f4ca2145ac0             Options.avoid_flush_during_shutdown: 0
2022/11/21-16:34:27.832512 7f4ca2145ac0           Options.writable_file_max_buffer_size: 1048576
2022/11/21-16:34:27.832512 7f4ca2145ac0             Options.delayed_write_rate : 16777216
2022/11/21-16:34:27.832513 7f4ca2145ac0             Options.max_total_wal_size: 0
2022/11/21-16:34:27.832514 7f4ca2145ac0             Options.delete_obsolete_files_period_micros: 21600000000
2022/11/21-16:34:27.832514 7f4ca2145ac0                   Options.stats_dump_period_sec: 600
2022/11/21-16:34:27.832515 7f4ca2145ac0                 Options.stats_persist_period_sec: 600
2022/11/21-16:34:27.832515 7f4ca2145ac0                 Options.stats_history_buffer_size: 1048576
2022/11/21-16:34:27.832516 7f4ca2145ac0                          Options.max_open_files: -1
2022/11/21-16:34:27.832517 7f4ca2145ac0                          Options.bytes_per_sync: 0
2022/11/21-16:34:27.832520 7f4ca2145ac0                      Options.wal_bytes_per_sync: 0
2022/11/21-16:34:27.832521 7f4ca2145ac0                   Options.strict_bytes_per_sync: 0
2022/11/21-16:34:27.832521 7f4ca2145ac0       Options.compaction_readahead_size: 0
2022/11/21-16:34:27.832522 7f4ca2145ac0                  Options.max_background_flushes: -1
2022/11/21-16:34:27.832522 7f4ca2145ac0 Compression algorithms supported:
2022/11/21-16:34:27.832523 7f4ca2145ac0 	kZSTDNotFinalCompression supported: 1
2022/11/21-16:34:27.832527 7f4ca2145ac0 	kZSTD supported: 1
2022/11/21-16:34:27.832527 7f4ca2145ac0 	kXpressCompression supported: 0
2022/11/21-16:34:27.832528 7f4ca2145ac0 	kLZ4HCCompression supported: 1
2022/11/21-16:34:27.832529 7f4ca2145ac0 	kLZ4Compression supported: 1
2022/11/21-16:34:27.832529 7f4ca2145ac0 	kBZip2Compression supported: 1
2022/11/21-16:34:27.832530 7f4ca2145ac0 	kZlibCompression supported: 1
2022/11/21-16:34:27.832531 7f4ca2145ac0 	kSnappyCompression supported: 1
2022/11/21-16:34:27.832535 7f4ca2145ac0 Fast CRC32 supported: Supported on x86
2022/11/21-16:34:27.832936 7f4ca2145ac0 [db/version_set.cc:4758] Recovering from manifest file: /home/patrick/InternetComputer/Hyperspace1/v0/PersonalNFTGallery/.dfx/state/replicated_state/node-100/ic_consensus_pool/consensus/MANIFEST-001117
2022/11/21-16:34:27.833080 7f4ca2145ac0 [db/column_family.cc:595] --------------- Options for column family [default]:
2022/11/21-16:34:27.833083 7f4ca2145ac0               Options.comparator: leveldb.BytewiseComparator
2022/11/21-16:34:27.833084 7f4ca2145ac0           Options.merge_operator: None
2022/11/21-16:34:27.833085 7f4ca2145ac0        Options.compaction_filter: None
2022/11/21-16:34:27.833086 7f4ca2145ac0        Options.compaction_filter_factory: None
2022/11/21-16:34:27.833086 7f4ca2145ac0  Options.sst_partitioner_factory: None
2022/11/21-16:34:27.833087 7f4ca2145ac0         Options.memtable_factory: SkipListFactory
2022/11/21-16:34:27.833088 7f4ca2145ac0            Options.table_factory: BlockBasedTable
2022/11/21-16:34:27.833129 7f4ca2145ac0            table_factory options:   flush_block_policy_factory: FlushBlockBySizePolicyFactory (0x562a2c063890)
  cache_index_and_filter_blocks: 0
  cache_index_and_filter_blocks_with_high_priority: 1
  pin_l0_filter_and_index_blocks_in_cache: 0
  pin_top_level_index_and_filter: 1
  index_type: 0
  data_block_index_type: 0
  index_shortening: 1
  data_block_hash_table_util_ratio: 0.750000
  hash_index_allow_collision: 1
  checksum: 1
  no_block_cache: 0
  block_cache: 0x562a2c0638e0
  block_cache_name: LRUCache
  block_cache_options:
    capacity : 8388608
    num_shard_bits : 4
    strict_capacity_limit : 0
    memory_allocator : None
    high_pri_pool_ratio: 0.000
  block_cache_compressed: (nil)
  persistent_cache: (nil)
  block_size: 4096
  block_size_deviation: 10
  block_restart_interval: 16
  index_block_restart_interval: 1
  metadata_block_size: 4096
  partition_filters: 0
  use_delta_encoding: 1
  filter_policy: nullptr
  whole_key_filtering: 1
  verify_compression: 0
  read_amp_bytes_per_bit: 0
  format_version: 4
  enable_index_compression: 1
  block_align: 0
2022/11/21-16:34:27.833130 7f4ca2145ac0        Options.write_buffer_size: 67108864
2022/11/21-16:34:27.833130 7f4ca2145ac0  Options.max_write_buffer_number: 2
2022/11/21-16:34:27.833131 7f4ca2145ac0          Options.compression: Snappy
2022/11/21-16:34:27.833132 7f4ca2145ac0                  Options.bottommost_compression: Disabled
2022/11/21-16:34:27.833133 7f4ca2145ac0       Options.prefix_extractor: nullptr
2022/11/21-16:34:27.833134 7f4ca2145ac0   Options.memtable_insert_with_hint_prefix_extractor: nullptr
2022/11/21-16:34:27.833134 7f4ca2145ac0             Options.num_levels: 7
2022/11/21-16:34:27.833135 7f4ca2145ac0        Options.min_write_buffer_number_to_merge: 1
2022/11/21-16:34:27.833135 7f4ca2145ac0     Options.max_write_buffer_number_to_maintain: 0
2022/11/21-16:34:27.833136 7f4ca2145ac0     Options.max_write_buffer_size_to_maintain: 0
2022/11/21-16:34:27.833137 7f4ca2145ac0            Options.bottommost_compression_opts.window_bits: -14
2022/11/21-16:34:27.833152 7f4ca2145ac0                  Options.bottommost_compression_opts.level: 32767
2022/11/21-16:34:27.833152 7f4ca2145ac0               Options.bottommost_compression_opts.strategy: 0
2022/11/21-16:34:27.833153 7f4ca2145ac0         Options.bottommost_compression_opts.max_dict_bytes: 0
2022/11/21-16:34:27.833153 7f4ca2145ac0         Options.bottommost_compression_opts.zstd_max_train_bytes: 0
2022/11/21-16:34:27.833154 7f4ca2145ac0         Options.bottommost_compression_opts.parallel_threads: 1
2022/11/21-16:34:27.833155 7f4ca2145ac0                  Options.bottommost_compression_opts.enabled: false
2022/11/21-16:34:27.833155 7f4ca2145ac0            Options.compression_opts.window_bits: -14
2022/11/21-16:34:27.833156 7f4ca2145ac0                  Options.compression_opts.level: 32767
2022/11/21-16:34:27.833156 7f4ca2145ac0               Options.compression_opts.strategy: 0
2022/11/21-16:34:27.833157 7f4ca2145ac0         Options.compression_opts.max_dict_bytes: 0
2022/11/21-16:34:27.833158 7f4ca2145ac0         Options.compression_opts.zstd_max_train_bytes: 0
2022/11/21-16:34:27.833158 7f4ca2145ac0         Options.compression_opts.parallel_threads: 1
2022/11/21-16:34:27.833159 7f4ca2145ac0                  Options.compression_opts.enabled: false
2022/11/21-16:34:27.833159 7f4ca2145ac0      Options.level0_file_num_compaction_trigger: 4
2022/11/21-16:34:27.833160 7f4ca2145ac0          Options.level0_slowdown_writes_trigger: 20
2022/11/21-16:34:27.833161 7f4ca2145ac0              Options.level0_stop_writes_trigger: 36
2022/11/21-16:34:27.833161 7f4ca2145ac0                   Options.target_file_size_base: 67108864
2022/11/21-16:34:27.833162 7f4ca2145ac0             Options.target_file_size_multiplier: 1
2022/11/21-16:34:27.833162 7f4ca2145ac0                Options.max_bytes_for_level_base: 268435456
2022/11/21-16:34:27.833163 7f4ca2145ac0 Options.level_compaction_dynamic_level_bytes: 0
2022/11/21-16:34:27.833164 7f4ca2145ac0          Options.max_bytes_for_level_multiplier: 10.000000
2022/11/21-16:34:27.833166 7f4ca2145ac0 Options.max_bytes_for_level_multiplier_addtl[0]: 1
2022/11/21-16:34:27.833166 7f4ca2145ac0 Options.max_bytes_for_level_multiplier_addtl[1]: 1
2022/11/21-16:34:27.833167 7f4ca2145ac0 Options.max_bytes_for_level_multiplier_addtl[2]: 1
2022/11/21-16:34:27.833168 7f4ca2145ac0 Options.max_bytes_for_level_multiplier_addtl[3]: 1
2022/11/21-16:34:27.833168 7f4ca2145ac0 Options.max_bytes_for_level_multiplier_addtl[4]: 1
2022/11/21-16:34:27.833169 7f4ca2145ac0 Options.max_bytes_for_level_multiplier_addtl[5]: 1
2022/11/21-16:34:27.833169 7f4ca2145ac0 Options.max_bytes_for_level_multiplier_addtl[6]: 1
2022/11/21-16:34:27.833170 7f4ca2145ac0       Options.max_sequential_skip_in_iterations: 8
2022/11/21-16:34:27.833170 7f4ca2145ac0                    Options.max_compaction_bytes: 1677721600
2022/11/21-16:34:27.833171 7f4ca2145ac0                        Options.arena_block_size: 8388608
2022/11/21-16:34:27.833172 7f4ca2145ac0   Options.soft_pending_compaction_bytes_limit: 68719476736
2022/11/21-16:34:27.833172 7f4ca2145ac0   Options.hard_pending_compaction_bytes_limit: 274877906944
2022/11/21-16:34:27.833173 7f4ca2145ac0       Options.rate_limit_delay_max_milliseconds: 100
2022/11/21-16:34:27.833174 7f4ca2145ac0                Options.disable_auto_compactions: 0
2022/11/21-16:34:27.833175 7f4ca2145ac0                        Options.compaction_style: kCompactionStyleLevel
2022/11/21-16:34:27.833176 7f4ca2145ac0                          Options.compaction_pri: kMinOverlappingRatio
2022/11/21-16:34:27.833176 7f4ca2145ac0 Options.compaction_options_universal.size_ratio: 1
2022/11/21-16:34:27.833177 7f4ca2145ac0 Options.compaction_options_universal.min_merge_width: 2
2022/11/21-16:34:27.833178 7f4ca2145ac0 Options.compaction_options_universal.max_merge_width: 4294967295
2022/11/21-16:34:27.833178 7f4ca2145ac0 Options.compaction_options_universal.max_size_amplification_percent: 200
2022/11/21-16:34:27.833179 7f4ca2145ac0 Options.compaction_options_universal.compression_size_percent: -1
2022/11/21-16:34:27.833183 7f4ca2145ac0 Options.compaction_options_universal.stop_style: kCompactionStopStyleTotalSize
2022/11/21-16:34:27.833183 7f4ca2145ac0 Options.compaction_options_fifo.max_table_files_size: 1073741824
2022/11/21-16:34:27.833185 7f4ca2145ac0 Options.compaction_options_fifo.allow_compaction: 0
2022/11/21-16:34:27.833193 7f4ca2145ac0                   Options.table_properties_collectors: 
2022/11/21-16:34:27.833194 7f4ca2145ac0                   Options.inplace_update_support: 0
2022/11/21-16:34:27.833195 7f4ca2145ac0                 Options.inplace_update_num_locks: 10000
2022/11/21-16:34:27.833197 7f4ca2145ac0               Options.memtable_prefix_bloom_size_ratio: 0.000000
2022/11/21-16:34:27.833198 7f4ca2145ac0               Options.memtable_whole_key_filtering: 0
2022/11/21-16:34:27.833200 7f4ca2145ac0   Options.memtable_huge_page_size: 0
2022/11/21-16:34:27.833201 7f4ca2145ac0                           Options.bloom_locality: 0
2022/11/21-16:34:27.833203 7f4ca2145ac0                    Options.max_successive_merges: 0
2022/11/21-16:34:27.833204 7f4ca2145ac0                Options.optimize_filters_for_hits: 0
2022/11/21-16:34:27.833206 7f4ca2145ac0                Options.paranoid_file_checks: 0
2022/11/21-16:34:27.833207 7f4ca2145ac0                Options.force_consistency_checks: 1
2022/11/21-16:34:27.833208 7f4ca2145ac0                Options.report_bg_io_stats: 0
2022/11/21-16:34:27.833210 7f4ca2145ac0                               Options.ttl: 2592000
2022/11/21-16:34:27.833211 7f4ca2145ac0          Options.periodic_compaction_seconds: 0
2022/11/21-16:34:27.833212 7f4ca2145ac0                    Options.enable_blob_files: false
2022/11/21-16:34:27.833214 7f4ca2145ac0                        Options.min_blob_size: 0
2022/11/21-16:34:27.833215 7f4ca2145ac0                       Options.blob_file_size: 268435456
2022/11/21-16:34:27.833217 7f4ca2145ac0                Options.blob_compression_type: NoCompression
2022/11/21-16:34:27.833218 7f4ca2145ac0       Options.enable_blob_garbage_collection: false
2022/11/21-16:34:27.833220 7f4ca2145ac0   Options.blob_garbage_collection_age_cutoff: 0.250000
2022/11/21-16:34:27.833885 7f4ca2145ac0 [db/column_family.cc:595] --------------- Options for column family [RB]:
2022/11/21-16:34:27.833894 7f4ca2145ac0               Options.comparator: leveldb.BytewiseComparator
2022/11/21-16:34:27.833896 7f4ca2145ac0           Options.merge_operator: None
2022/11/21-16:34:27.833899 7f4ca2145ac0        Options.compaction_filter: filter_outdated
2022/11/21-16:34:27.833901 7f4ca2145ac0        Options.compaction_filter_factory: None
2022/11/21-16:34:27.833902 7f4ca2145ac0  Options.sst_partitioner_factory: None
2022/11/21-16:34:27.833903 7f4ca2145ac0         Options.memtable_factory: SkipListFactory
2022/11/21-16:34:27.833905 7f4ca2145ac0            Options.table_factory: BlockBasedTable
2022/11/21-16:34:27.833937 7f4ca2145ac0            table_factory options:   flush_block_policy_factory: FlushBlockBySizePolicyFactory (0x562a2c049a90)
  cache_index_and_filter_blocks: 0
  cache_index_and_filter_blocks_with_high_priority: 1
  pin_l0_filter_and_index_blocks_in_cache: 0
  pin_top_level_index_and_filter: 1
  index_type: 0
  data_block_index_type: 0
  index_shortening: 1
  data_block_hash_table_util_ratio: 0.750000
  hash_index_allow_collision: 1
  checksum: 1
  no_block_cache: 0
  block_cache: 0x562a2c049ae0
  block_cache_name: LRUCache
  block_cache_options:
    capacity : 8388608
    num_shard_bits : 4
    strict_capacity_limit : 0
    memory_allocator : None
    high_pri_pool_ratio: 0.000
  block_cache_compressed: (nil)
  persistent_cache: (nil)
  block_size: 4096
  block_size_deviation: 10
  block_restart_interval: 16
  index_block_restart_interval: 1
  metadata_block_size: 4096
  partition_filters: 0
  use_delta_encoding: 1
  filter_policy: nullptr
  whole_key_filtering: 1
  verify_compression: 0
  read_amp_bytes_per_bit: 0
  format_version: 4
  enable_index_compression: 1
  block_align: 0
2022/11/21-16:34:27.833939 7f4ca2145ac0        Options.write_buffer_size: 67108864
2022/11/21-16:34:27.833957 7f4ca2145ac0  Options.max_write_buffer_number: 2
2022/11/21-16:34:27.833958 7f4ca2145ac0          Options.compression: NoCompression
2022/11/21-16:34:27.833960 7f4ca2145ac0                  Options.bottommost_compression: Disabled
2022/11/21-16:34:27.833961 7f4ca2145ac0       Options.prefix_extractor: nullptr
2022/11/21-16:34:27.833963 7f4ca2145ac0   Options.memtable_insert_with_hint_prefix_extractor: nullptr
2022/11/21-16:34:27.833964 7f4ca2145ac0             Options.num_levels: 7
2022/11/21-16:34:27.833965 7f4ca2145ac0        Options.min_write_buffer_number_to_merge: 1
2022/11/21-16:34:27.833967 7f4ca2145ac0     Options.max_write_buffer_number_to_maintain: 0
2022/11/21-16:34:27.833968 7f4ca2145ac0     Options.max_write_buffer_size_to_maintain: 0
2022/11/21-16:34:27.833969 7f4ca2145ac0            Options.bottommost_compression_opts.window_bits: -14
2022/11/21-16:34:27.833971 7f4ca2145ac0                  Options.bottommost_compression_opts.level: 32767
2022/11/21-16:34:27.833972 7f4ca2145ac0               Options.bottommost_compression_opts.strategy: 0
2022/11/21-16:34:27.833974 7f4ca2145ac0         Options.bottommost_compression_opts.max_dict_bytes: 0
2022/11/21-16:34:27.833975 7f4ca2145ac0         Options.bottommost_compression_opts.zstd_max_train_bytes: 0
2022/11/21-16:34:27.833976 7f4ca2145ac0         Options.bottommost_compression_opts.parallel_threads: 1
2022/11/21-16:34:27.833977 7f4ca2145ac0                  Options.bottommost_compression_opts.enabled: false
2022/11/21-16:34:27.833979 7f4ca2145ac0            Options.compression_opts.window_bits: -14
2022/11/21-16:34:27.833980 7f4ca2145ac0                  Options.compression_opts.level: 32767
2022/11/21-16:34:27.833982 7f4ca2145ac0               Options.compression_opts.strategy: 0
2022/11/21-16:34:27.833983 7f4ca2145ac0         Options.compression_opts.max_dict_bytes: 0
2022/11/21-16:34:27.833984 7f4ca2145ac0         Options.compression_opts.zstd_max_train_bytes: 0
2022/11/21-16:34:27.833985 7f4ca2145ac0         Options.compression_opts.parallel_threads: 1
2022/11/21-16:34:27.833987 7f4ca2145ac0                  Options.compression_opts.enabled: false
2022/11/21-16:34:27.833988 7f4ca2145ac0      Options.level0_file_num_compaction_trigger: 4
2022/11/21-16:34:27.833989 7f4ca2145ac0          Options.level0_slowdown_writes_trigger: 20
2022/11/21-16:34:27.833991 7f4ca2145ac0              Options.level0_stop_writes_trigger: 36
2022/11/21-16:34:27.833992 7f4ca2145ac0                   Options.target_file_size_base: 67108864
2022/11/21-16:34:27.833993 7f4ca2145ac0             Options.target_file_size_multiplier: 1
2022/11/21-16:34:27.833995 7f4ca2145ac0                Options.max_bytes_for_level_base: 268435456
2022/11/21-16:34:27.833996 7f4ca2145ac0 Options.level_compaction_dynamic_level_bytes: 0
2022/11/21-16:34:27.833997 7f4ca2145ac0          Options.max_bytes_for_level_multiplier: 10.000000
2022/11/21-16:34:27.834000 7f4ca2145ac0 Options.max_bytes_for_level_multiplier_addtl[0]: 1
2022/11/21-16:34:27.834002 7f4ca2145ac0 Options.max_bytes_for_level_multiplier_addtl[1]: 1
2022/11/21-16:34:27.834003 7f4ca2145ac0 Options.max_bytes_for_level_multiplier_addtl[2]: 1
2022/11/21-16:34:27.834005 7f4ca2145ac0 Options.max_bytes_for_level_multiplier_addtl[3]: 1
2022/11/21-16:34:27.834006 7f4ca2145ac0 Options.max_bytes_for_level_multiplier_addtl[4]: 1
2022/11/21-16:34:27.834007 7f4ca2145ac0 Options.max_bytes_for_level_multiplier_addtl[5]: 1
2022/11/21-16:34:27.834009 7f4ca2145ac0 Options.max_bytes_for_level_multiplier_addtl[6]: 1
2022/11/21-16:34:27.834010 7f4ca2145ac0       Options.max_sequential_skip_in_iterations: 8
2022/11/21-16:34:27.834011 7f4ca2145ac0                    Options.max_compaction_bytes: 1677721600
2022/11/21-16:34:27.834013 7f4ca2145ac0                        Options.arena_block_size: 8388608
2022/11/21-16:34:27.834014 7f4ca2145ac0   Options.soft_pending_compaction_bytes_limit: 68719476736
2022/11/21-16:34:27.834015 7f4ca2145ac0   Options.hard_pending_compaction_bytes_limit: 274877906944
2022/11/21-16:34:27.834017 7f4ca2145ac0       Options.rate_limit_delay_max_milliseconds: 100
2022/11/21-16:34:27.834024 7f4ca2145ac0                Options.disable_auto_compactions: 1
2022/11/21-16:34:27.834026 7f4ca2145ac0                        Options.compaction_style: kCompactionStyleLevel
2022/11/21-16:34:27.834028 7f4ca2145ac0                          Options.compaction_pri: kMinOverlappingRatio
2022/11/21-16:34:27.834030 7f4ca2145ac0 Options.compaction_options_universal.size_ratio: 1
2022/11/21-16:34:27.834031 7f4ca2145ac0 Options.compaction_options_universal.min_merge_width: 2
2022/11/21-16:34:27.834032 7f4ca2145ac0 Options.compaction_options_universal.max_merge_width: 4294967295
2022/11/21-16:34:27.834034 7f4ca2145ac0 Options.compaction_options_universal.max_size_amplification_percent: 200
2022/11/21-16:34:27.834035 7f4ca2145ac0 Options.compaction_options_universal.compression_size_percent: -1
2022/11/21-16:34:27.834036 7f4ca2145ac0 Options.compaction_options_universal.stop_style: kCompactionStopStyleTotalSize
2022/11/21-16:34:27.834038 7f4ca2145ac0 Options.compaction_options_fifo.max_table_files_size: 1073741824
2022/11/21-16:34:27.834039 7f4ca2145ac0 Options.compaction_options_fifo.allow_compaction: 0
2022/11/21-16:34:27.834047 7f4ca2145ac0                   Options.table_properties_collectors: 
2022/11/21-16:34:27.834048 7f4ca2145ac0                   Options.inplace_update_support: 0
2022/11/21-16:34:27.834050 7f4ca2145ac0                 Options.inplace_update_num_locks: 10000
2022/11/21-16:34:27.834051 7f4ca2145ac0               Options.memtable_prefix_bloom_size_ratio: 0.000000
2022/11/21-16:34:27.834053 7f4ca2145ac0               Options.memtable_whole_key_filtering: 0
2022/11/21-16:34:27.834054 7f4ca2145ac0   Options.memtable_huge_page_size: 0
2022/11/21-16:34:27.834055 7f4ca2145ac0                           Options.bloom_locality: 0
2022/11/21-16:34:27.834057 7f4ca2145ac0                    Options.max_successive_merges: 0
2022/11/21-16:34:27.834058 7f4ca2145ac0                Options.optimize_filters_for_hits: 0
2022/11/21-16:34:27.834059 7f4ca2145ac0                Options.paranoid_file_checks: 0
2022/11/21-16:34:27.834061 7f4ca2145ac0                Options.force_consistency_checks: 1
2022/11/21-16:34:27.834062 7f4ca2145ac0                Options.report_bg_io_stats: 0
2022/11/21-16:34:27.834063 7f4ca2145ac0                               Options.ttl: 2592000
2022/11/21-16:34:27.834065 7f4ca2145ac0          Options.periodic_compaction_seconds: 2592000
2022/11/21-16:34:27.834066 7f4ca2145ac0                    Options.enable_blob_files: false
2022/11/21-16:34:27.834067 7f4ca2145ac0                        Options.min_blob_size: 0
2022/11/21-16:34:27.834069 7f4ca2145ac0                       Options.blob_file_size: 268435456
2022/11/21-16:34:27.834070 7f4ca2145ac0                Options.blob_compression_type: NoCompression
2022/11/21-16:34:27.834071 7f4ca2145ac0       Options.enable_blob_garbage_collection: false
2022/11/21-16:34:27.834073 7f4ca2145ac0   Options.blob_garbage_collection_age_cutoff: 0.250000
2022/11/21-16:34:27.834112 7f4ca2145ac0 [db/column_family.cc:595] --------------- Options for column family [FZ]:
2022/11/21-16:34:27.834114 7f4ca2145ac0               Options.comparator: leveldb.BytewiseComparator
2022/11/21-16:34:27.834115 7f4ca2145ac0           Options.merge_operator: None
2022/11/21-16:34:27.834117 7f4ca2145ac0        Options.compaction_filter: filter_outdated
2022/11/21-16:34:27.834118 7f4ca2145ac0        Options.compaction_filter_factory: None
2022/11/21-16:34:27.834119 7f4ca2145ac0  Options.sst_partitioner_factory: None
2022/11/21-16:34:27.834120 7f4ca2145ac0         Options.memtable_factory: SkipListFactory
2022/11/21-16:34:27.834122 7f4ca2145ac0            Options.table_factory: BlockBasedTable
2022/11/21-16:34:27.834150 7f4ca2145ac0            table_factory options:   flush_block_policy_factory: FlushBlockBySizePolicyFactory (0x562a2c04bd20)
  cache_index_and_filter_blocks: 0
  cache_index_and_filter_blocks_with_high_priority: 1
  pin_l0_filter_and_index_blocks_in_cache: 0
  pin_top_level_index_and_filter: 1
  index_type: 0
  data_block_index_type: 0
  index_shortening: 1
  data_block_hash_table_util_ratio: 0.750000
  hash_index_allow_collision: 1
  checksum: 1
  no_block_cache: 0
  block_cache: 0x562a2c04bd70
  block_cache_name: LRUCache
  block_cache_options:
    capacity : 8388608
    num_shard_bits : 4
    strict_capacity_limit : 0
    memory_allocator : None
    high_pri_pool_ratio: 0.000
  block_cache_compressed: (nil)
  persistent_cache: (nil)
  block_size: 4096
  block_size_deviation: 10
  block_restart_interval: 16
  index_block_restart_interval: 1
  metadata_block_size: 4096
  partition_filters: 0
  use_delta_encoding: 1
  filter_policy: nullptr
  whole_key_filtering: 1
  verify_compression: 0
  read_amp_bytes_per_bit: 0
  format_version: 4
  enable_index_compression: 1
  block_align: 0
2022/11/21-16:34:27.834167 7f4ca2145ac0        Options.write_buffer_size: 67108864
2022/11/21-16:34:27.834169 7f4ca2145ac0  Options.max_write_buffer_number: 2
2022/11/21-16:34:27.834170 7f4ca2145ac0          Options.compression: NoCompression
2022/11/21-16:34:27.834172 7f4ca2145ac0                  Options.bottommost_compression: Disabled
2022/11/21-16:34:27.834173 7f4ca2145ac0       Options.prefix_extractor: nullptr
2022/11/21-16:34:27.834174 7f4ca2145ac0   Options.memtable_insert_with_hint_prefix_extractor: nullptr
2022/11/21-16:34:27.834176 7f4ca2145ac0             Options.num_levels: 7
2022/11/21-16:34:27.834177 7f4ca2145ac0        Options.min_write_buffer_number_to_merge: 1
2022/11/21-16:34:27.834178 7f4ca2145ac0     Options.max_write_buffer_number_to_maintain: 0
2022/11/21-16:34:27.834179 7f4ca2145ac0     Options.max_write_buffer_size_to_maintain: 0
2022/11/21-16:34:27.834181 7f4ca2145ac0            Options.bottommost_compression_opts.window_bits: -14
2022/11/21-16:34:27.834182 7f4ca2145ac0                  Options.bottommost_compression_opts.level: 32767
2022/11/21-16:34:27.834183 7f4ca2145ac0               Options.bottommost_compression_opts.strategy: 0
2022/11/21-16:34:27.834185 7f4ca2145ac0         Options.bottommost_compression_opts.max_dict_bytes: 0
2022/11/21-16:34:27.834186 7f4ca2145ac0         Options.bottommost_compression_opts.zstd_max_train_bytes: 0
2022/11/21-16:34:27.834187 7f4ca2145ac0         Options.bottommost_compression_opts.parallel_threads: 1
2022/11/21-16:34:27.834189 7f4ca2145ac0                  Options.bottommost_compression_opts.enabled: false
2022/11/21-16:34:27.834189 7f4ca2145ac0            Options.compression_opts.window_bits: -14
2022/11/21-16:34:27.834190 7f4ca2145ac0                  Options.compression_opts.level: 32767
2022/11/21-16:34:27.834191 7f4ca2145ac0               Options.compression_opts.strategy: 0
2022/11/21-16:34:27.834191 7f4ca2145ac0         Options.compression_opts.max_dict_bytes: 0
2022/11/21-16:34:27.834192 7f4ca2145ac0         Options.compression_opts.zstd_max_train_bytes: 0
2022/11/21-16:34:27.834192 7f4ca2145ac0         Options.compression_opts.parallel_threads: 1
2022/11/21-16:34:27.834193 7f4ca2145ac0                  Options.compression_opts.enabled: false
2022/11/21-16:34:27.834193 7f4ca2145ac0      Options.level0_file_num_compaction_trigger: 4
2022/11/21-16:34:27.834194 7f4ca2145ac0          Options.level0_slowdown_writes_trigger: 20
2022/11/21-16:34:27.834195 7f4ca2145ac0              Options.level0_stop_writes_trigger: 36
2022/11/21-16:34:27.834195 7f4ca2145ac0                   Options.target_file_size_base: 67108864
2022/11/21-16:34:27.834196 7f4ca2145ac0             Options.target_file_size_multiplier: 1
2022/11/21-16:34:27.834196 7f4ca2145ac0                Options.max_bytes_for_level_base: 268435456
2022/11/21-16:34:27.834197 7f4ca2145ac0 Options.level_compaction_dynamic_level_bytes: 0
2022/11/21-16:34:27.834198 7f4ca2145ac0          Options.max_bytes_for_level_multiplier: 10.000000
2022/11/21-16:34:27.834199 7f4ca2145ac0 Options.max_bytes_for_level_multiplier_addtl[0]: 1
2022/11/21-16:34:27.834199 7f4ca2145ac0 Options.max_bytes_for_level_multiplier_addtl[1]: 1
2022/11/21-16:34:27.834200 7f4ca2145ac0 Options.max_bytes_for_level_multiplier_addtl[2]: 1
2022/11/21-16:34:27.834204 7f4ca2145ac0 Options.max_bytes_for_level_multiplier_addtl[3]: 1
2022/11/21-16:34:27.834205 7f4ca2145ac0 Options.max_bytes_for_level_multiplier_addtl[4]: 1
2022/11/21-16:34:27.834206 7f4ca2145ac0 Options.max_bytes_for_level_multiplier_addtl[5]: 1
2022/11/21-16:34:27.834206 7f4ca2145ac0 Options.max_bytes_for_level_multiplier_addtl[6]: 1
2022/11/21-16:34:27.834207 7f4ca2145ac0       Options.max_sequential_skip_in_iterations: 8
2022/11/21-16:34:27.834208 7f4ca2145ac0                    Options.max_compaction_bytes: 1677721600
2022/11/21-16:34:27.834209 7f4ca2145ac0                        Options.arena_block_size: 8388608
2022/11/21-16:34:27.834209 7f4ca2145ac0   Options.soft_pending_compaction_bytes_limit: 68719476736
2022/11/21-16:34:27.834210 7f4ca2145ac0   Options.hard_pending_compaction_bytes_limit: 274877906944
2022/11/21-16:34:27.834211 7f4ca2145ac0       Options.rate_limit_delay_max_milliseconds: 100
2022/11/21-16:34:27.834211 7f4ca2145ac0                Options.disable_auto_compactions: 1
2022/11/21-16:34:27.834212 7f4ca2145ac0                        Options.compaction_style: kCompactionStyleLevel
2022/11/21-16:34:27.834213 7f4ca2145ac0                          Options.compaction_pri: kMinOverlappingRatio
2022/11/21-16:34:27.834213 7f4ca2145ac0 Options.compaction_options_universal.size_ratio: 1
2022/11/21-16:34:27.834214 7f4ca2145ac0 Options.compaction_options_universal.min_merge_width: 2
2022/11/21-16:34:27.834214 7f4ca2145ac0 Options.compaction_options_universal.max_merge_width: 4294967295
2022/11/21-16:34:27.834215 7f4ca2145ac0 Options.compaction_options_universal.max_size_amplification_percent: 200
2022/11/21-16:34:27.834216 7f4ca2145ac0 Options.compaction_options_universal.compression_size_percent: -1
2022/11/21-16:34:27.834217 7f4ca2145ac0 Options.compaction_options_universal.stop_style: kCompactionStopStyleTotalSize
2022/11/21-16:34:27.834217 7f4ca2145ac0 Options.compaction_options_fifo.max_table_files_size: 1073741824
2022/11/21-16:34:27.834218 7f4ca2145ac0 Options.compaction_options_fifo.allow_compaction: 0
2022/11/21-16:34:27.834219 7f4ca2145ac0                   Options.table_properties_collectors: 
2022/11/21-16:34:27.834220 7f4ca2145ac0                   Options.inplace_update_support: 0
2022/11/21-16:34:27.834221 7f4ca2145ac0                 Options.inplace_update_num_locks: 10000
2022/11/21-16:34:27.834222 7f4ca2145ac0               Options.memtable_prefix_bloom_size_ratio: 0.000000
2022/11/21-16:34:27.834223 7f4ca2145ac0               Options.memtable_whole_key_filtering: 0
2022/11/21-16:34:27.834223 7f4ca2145ac0   Options.memtable_huge_page_size: 0
2022/11/21-16:34:27.834224 7f4ca2145ac0                           Options.bloom_locality: 0
2022/11/21-16:34:27.834225 7f4ca2145ac0                    Options.max_successive_merges: 0
2022/11/21-16:34:27.834225 7f4ca2145ac0                Options.optimize_filters_for_hits: 0
2022/11/21-16:34:27.834226 7f4ca2145ac0                Options.paranoid_file_checks: 0
2022/11/21-16:34:27.834226 7f4ca2145ac0                Options.force_consistency_checks: 1
2022/11/21-16:34:27.834227 7f4ca2145ac0                Options.report_bg_io_stats: 0
2022/11/21-16:34:27.834227 7f4ca2145ac0                               Options.ttl: 2592000
2022/11/21-16:34:27.834228 7f4ca2145ac0          Options.periodic_compaction_seconds: 2592000
2022/11/21-16:34:27.834229 7f4ca2145ac0                    Options.enable_blob_files: false
2022/11/21-16:34:27.834229 7f4ca2145ac0                        Options.min_blob_size: 0
2022/11/21-16:34:27.834230 7f4ca2145ac0                       Options.blob_file_size: 268435456
2022/11/21-16:34:27.834230 7f4ca2145ac0                Options.blob_compression_type: NoCompression
2022/11/21-16:34:27.834231 7f4ca2145ac0       Options.enable_blob_garbage_collection: false
2022/11/21-16:34:27.834232 7f4ca2145ac0   Options.blob_garbage_collection_age_cutoff: 0.250000
2022/11/21-16:34:27.834246 7f4ca2145ac0 [db/column_family.cc:595] --------------- Options for column family [NZ]:
2022/11/21-16:34:27.834247 7f4ca2145ac0               Options.comparator: leveldb.BytewiseComparator
2022/11/21-16:34:27.834251 7f4ca2145ac0           Options.merge_operator: None
2022/11/21-16:34:27.834252 7f4ca2145ac0        Options.compaction_filter: filter_outdated
2022/11/21-16:34:27.834253 7f4ca2145ac0        Options.compaction_filter_factory: None
2022/11/21-16:34:27.834253 7f4ca2145ac0  Options.sst_partitioner_factory: None
2022/11/21-16:34:27.834254 7f4ca2145ac0         Options.memtable_factory: SkipListFactory
2022/11/21-16:34:27.834254 7f4ca2145ac0            Options.table_factory: BlockBasedTable
2022/11/21-16:34:27.834264 7f4ca2145ac0            table_factory options:   flush_block_policy_factory: FlushBlockBySizePolicyFactory (0x562a2c04dfd0)
  cache_index_and_filter_blocks: 0
  cache_index_and_filter_blocks_with_high_priority: 1
  pin_l0_filter_and_index_blocks_in_cache: 0
  pin_top_level_index_and_filter: 1
  index_type: 0
  data_block_index_type: 0
  index_shortening: 1
  data_block_hash_table_util_ratio: 0.750000
  hash_index_allow_collision: 1
  checksum: 1
  no_block_cache: 0
  block_cache: 0x562a2c04e020
  block_cache_name: LRUCache
  block_cache_options:
    capacity : 8388608
    num_shard_bits : 4
    strict_capacity_limit : 0
    memory_allocator : None
    high_pri_pool_ratio: 0.000
  block_cache_compressed: (nil)
  persistent_cache: (nil)
  block_size: 4096
  block_size_deviation: 10
  block_restart_interval: 16
  index_block_restart_interval: 1
  metadata_block_size: 4096
  partition_filters: 0
  use_delta_encoding: 1
  filter_policy: nullptr
  whole_key_filtering: 1
  verify_compression: 0
  read_amp_bytes_per_bit: 0
  format_version: 4
  enable_index_compression: 1
  block_align: 0
2022/11/21-16:34:27.834264 7f4ca2145ac0        Options.write_buffer_size: 67108864
2022/11/21-16:34:27.834265 7f4ca2145ac0  Options.max_write_buffer_number: 2
2022/11/21-16:34:27.834266 7f4ca2145ac0          Options.compression: NoCompression
2022/11/21-16:34:27.834266 7f4ca2145ac0                  Options.bottommost_compression: Disabled
2022/11/21-16:34:27.834267 7f4ca2145ac0       Options.prefix_extractor: nullptr
2022/11/21-16:34:27.834267 7f4ca2145ac0   Options.memtable_insert_with_hint_prefix_extractor: nullptr
2022/11/21-16:34:27.834268 7f4ca2145ac0             Options.num_levels: 7
2022/11/21-16:34:27.834269 7f4ca2145ac0        Options.min_write_buffer_number_to_merge: 1
2022/11/21-16:34:27.834269 7f4ca2145ac0     Options.max_write_buffer_number_to_maintain: 0
2022/11/21-16:34:27.834270 7f4ca2145ac0     Options.max_write_buffer_size_to_maintain: 0
2022/11/21-16:34:27.834270 7f4ca2145ac0            Options.bottommost_compression_opts.window_bits: -14
2022/11/21-16:34:27.834271 7f4ca2145ac0                  Options.bottommost_compression_opts.level: 32767
2022/11/21-16:34:27.834271 7f4ca2145ac0               Options.bottommost_compression_opts.strategy: 0
2022/11/21-16:34:27.834272 7f4ca2145ac0         Options.bottommost_compression_opts.max_dict_bytes: 0
